-0.011058249715
-0.005324991241
-0.005801339151
-0.005604389303
-0.004528501538
-0.002389848020
0.000930615722
0.005487106238
0.011266108270
0.018164272020
0.025968005094
0.034370479712
0.043061296117
0.051589053457
0.059559210266
0.066535083130
0.072152915769
0.076085855078
0.078108745614
0.078108745614
0.076085855078
0.072152915769
0.066535083130
0.059559210266
0.051589053457
0.043061296117
0.034370479712
0.025968005094
0.018164272020
0.011266108270
0.005487106238
0.000930615722
-0.002389848020
-0.004528501538
-0.005604389303
-0.005801339151
-0.005324991241
-0.011058249715
