0
0
0
0
0
0
0
0
0
0
0
0
0
0
0
0
0
0
0
0
0
0
0
0
0
0
0
0
0
0
0
1
0
0
0
0
0
0
0
0
0
0
0
0
0
0
0
0
0
0
0
0
0
0
0
0
0
0
0
0
0
0
9638
7071
3994
-14882
823
-3466
-3720
7110
9467
3795
-15370
14001
8525
4227
3709
15660
845
-9794
-6393
2365
15188
9364
4154
11958
-8012
507
-5701
6903
-13363
-12416
-4432
9300
-2485
2063
12017
4352
10702
0
-11226
-7465
-11241
7203
-9075
3901
-9669
-6331
-15899
14255
-1231
4373
-15490
-1695
15492
-8917
-222
-23
-1350
-10141
-4825
12406
2419
-12677
12427
224
-10723
-3725
-840
-8360
14972
-4138
5896
-2772
6937
-10572
13037
2233
4132
4013
5146
-12219
11798
4885
698
10507
3553
472
12913
-9362
-3267
-13733
-15010
-8456
-7660
