0
0
0
0
0
0
0
0
0
0
0
0
0
0
0
0
0
0
0
0
0
0
0
0
0
0
0
0
0
0
0
1
0
0
0
0
0
0
0
0
0
0
0
0
0
0
0
0
0
0
0
0
0
0
0
0
0
0
0
0
0
0
5247
2197
-3118
-9508
-1283
-15140
968
14830
1373
-11001
-5115
-4091
-11608
14525
1153
13865
10539
15635
302
10925
8194
-5918
7937
-5928
2371
-15301
13264
-12617
14935
-15756
-9367
10701
1733
15803
-779
1254
11336
-4385
-10156
-6374
3506
7067
13242
-639
-4942
-9930
7810
-6436
-9914
14610
3777
10744
-14300
58
-7238
-15024
12328
10952
4120
16378
12637
-4234
-9400
12693
7898
16238
-13823
-10099
-12457
-9740
-11596
2992
-10507
-1228
2851
7579
16214
-3820
-1771
9800
-1607
-1897
8365
6268
8586
12783
-12391
3740
13396
14599
-803
-11275
9906
