0
0
0
0
0
0
0
0
0
0
0
0
0
0
0
0
0
0
0
0
0
0
0
0
0
0
0
0
0
0
0
1
0
0
0
0
0
0
0
0
0
0
0
0
0
0
0
0
0
0
0
0
0
0
0
0
0
0
0
0
0
0
-3244
12365
16189
-16221
8270
-1492
-5549
13735
-10787
-982
11959
14502
-5474
6327
6312
-13662
835
-4031
-13794
1870
10387
13992
9837
-12176
-9548
-10726
-13385
-3121
-8150
3111
-8232
15918
-454
560
-2204
-7203
-1168
6717
8854
-15966
-15323
-14945
-2783
14039
-15350
15033
10988
15278
1748
-15504
-8976
-9036
-2734
9734
3724
-4397
2886
-10742
13493
7466
11654
11099
13727
-7126
-10492
-11965
-16249
9122
9861
-2102
-15753
11109
-4648
3480
9710
1127
16035
-5956
-1920
14930
4055
-14081
669
3993
-1521
1603
-11561
-12194
12354
2530
14096
-6559
-15036
