0
0
0
0
0
0
0
0
0
0
0
0
0
0
0
0
0
0
0
0
0
0
0
0
0
0
0
0
0
0
0
0
0
1
0
0
0
0
0
0
0
0
0
0
0
0
0
0
0
0
0
0
0
0
0
0
0
0
0
0
0
0
0
0
0
0
-3915
-15138
4452
-403
-13631
-12673
-3219
-3581
-4221
1639
-8664
832
-15891
11730
6055
12306
7693
5084
12466
2162
3395
5317
14397
5692
-15098
5585
7675
8900
5789
-11605
12702
-2891
-6787
9560
-4751
5845
-4855
10719
35
-11693
5521
15087
-11601
-14960
-11370
-15117
5236
-7606
2929
-12016
10413
9294
13991
-3645
9627
-1052
3892
-6432
-4393
13643
-12180
-8481
-11956
6341
11261
12159
-5981
5326
-6950
14309
-1317
-474
6389
-9597
-8178
-12384
7616
7474
-1686
-10856
-3430
517
11154
-10438
12140
4987
-14911
6599
-811
-5407
14347
2107
3679
10182
-1949
-9277
-14738
-7283
-2291
