0
0
0
0
0
0
0
0
0
0
0
0
0
0
0
0
0
0
0
0
0
0
0
0
0
0
0
0
1
0
0
0
0
0
0
0
0
0
0
0
0
0
0
0
0
0
0
0
0
0
0
0
0
0
0
0
-13335
-4807
-542
-15963
2065
-10066
4908
5671
11286
3559
-14864
-6689
-13119
-1146
3922
1361
11105
-14892
-4388
-8020
-2445
13483
-5657
8384
-4144
-9910
-2683
-9315
-14467
257
-12594
12067
-7985
-7867
-2517
-10938
-11697
5429
9920
1923
16210
1136
15302
-8037
11492
7830
585
-9915
10819
-397
-2489
-460
4039
902
-8463
4958
13750
-16353
9798
538
-10467
15870
9484
11598
-9365
4854
-4966
6274
-970
2743
-9032
13384
11028
-13685
3157
7182
15923
-14493
14462
7964
-16148
11836
3505
4093
