0
0
0
0
0
0
0
0
0
0
0
0
0
0
0
0
0
0
0
0
0
0
0
0
0
0
0
0
0
0
0
0
0
1
0
0
0
0
0
0
0
0
0
0
0
0
0
0
0
0
0
0
0
0
0
0
0
0
0
0
0
0
0
0
0
0
-10318
-22896
-13481
-749
19558
3079
2143
-26515
5642
6528
-15650
-1689
20511
10559
9118
-5861
-13767
28411
5000
29537
-22517
-17725
-17658
-28840
-6141
4726
18202
5822
15364
18443
16210
10979
-18150
-29172
9504
30007
-7100
3821
-5552
-22334
-29775
-18641
2447
18713
-21251
-19090
-20163
651
25182
-20782
32271
-12649
29122
18817
-18390
-18699
-23986
31236
-7482
18625
28106
-3136
-19589
-20344
-812
14332
13255
1858
-25083
526
-7046
-28782
4421
15009
14345
-32320
4614
12094
-25093
-29624
-31701
-31105
-22793
24062
-30530
19611
32280
26139
-30515
32560
4504
30123
-2548
-19851
-13827
5442
6666
-15039
-25533
