0
0
0
0
0
0
0
0
0
0
0
0
0
0
0
0
0
0
0
0
0
0
0
0
0
0
0
0
0
0
0
0
0
0
0
0
0
0
1
0
0
0
0
0
0
0
0
0
0
0
0
0
0
0
0
0
0
0
0
0
0
0
0
0
0
0
0
0
0
0
0
0
0
0
0
0
-10628
-7987
-5494
9171
-3986
8700
14516
615
4981
11260
13931
14072
5645
-11252
4902
-14082
-8526
-1323
12984
-14477
10997
-7216
-5881
11162
15431
-6576
1744
15197
-13717
-7509
-2431
-3267
15022
-5653
6490
9714
-457
-4404
2599
-13849
8384
8899
-7159
-9486
-966
-11780
10458
-14138
13579
9553
-7210
8366
5522
10599
10864
-1195
5867
-10686
9768
13670
-8233
4780
-8313
7180
-15867
-11526
4974
-926
-16153
-1307
-3837
-4342
-2938
5679
14257
-14513
9668
-13306
-13875
16192
-12099
9520
-5744
-12193
-13055
-10975
-1227
8869
12932
12872
-12239
6568
11595
-5626
11407
-13851
-12039
-16191
-5976
1607
8308
-10541
-14719
-16361
-6899
-2287
-13495
8646
7073
-7210
10877
7919
11618
-5215
