-0.004124147848
0.002353205736
0.008681685190
0.011179973923
0.006850247786
-0.004928763693
-0.021220659079
-0.035450167814
-0.038690212301
-0.022115769821
0.020036032073
0.087935433099
0.174966294347
0.268425840582
0.352101253213
0.410095670390
0.430837204581
0.410095670390
0.352101253213
0.268425840582
0.174966294347
0.087935433099
0.020036032073
-0.022115769821
-0.038690212301
-0.035450167814
-0.021220659079
-0.004928763693
0.006850247786
0.011179973923
0.008681685190
0.002353205736
-0.004124147848
