0.000000000000
-0.000000000000
-0.005810631621
-0.018467508594
-0.036066961821
-0.052970963958
-0.060021087744
-0.045972230194
0.000000000000
0.085237202395
0.210767456065
0.369551813005
0.546462023935
0.720232835147
0.867108571529
0.965416834073
1.000000000000
0.965416834073
0.867108571529
0.720232835147
0.546462023935
0.369551813005
0.210767456065
0.085237202395
0.000000000000
-0.045972230194
-0.060021087744
-0.052970963958
-0.036066961821
-0.018467508594
-0.005810631621
-0.000000000000
0.000000000000
