0
0
0
0
0
0
0
0
0
0
0
0
0
0
0
0
0
0
0
0
0
0
0
0
0
0
0
0
0
0
0
0
0
0
0
0
0
0
1
0
0
0
0
0
0
0
0
0
0
0
0
0
0
0
0
0
0
0
0
0
0
0
0
0
0
0
0
0
0
0
0
0
0
0
0
0
14275
-11458
-7246
-13513
-10929
-3380
-5568
7523
3542
13577
-1995
13781
-1815
8208
-4889
4117
-2023
7830
-6435
-1064
12953
-13333
-14625
-7443
-890
-9669
714
-6176
-1453
-1933
899
12794
881
8338
1529
-10052
11765
3833
10165
4798
1945
-12579
-5064
4438
-12533
-14433
8413
-13272
828
2673
4549
-4784
-11052
-14517
709
4218
-3910
-13360
-11246
7390
14624
15990
8938
11189
-10946
-5177
4920
10843
1642
-3251
16303
14582
-5131
-4804
4756
11284
-12859
-15945
512
4435
10314
-8703
-10486
9426
2829
15274
-14372
-14672
-6734
-13996
-16011
13724
7658
13410
-14776
7433
15228
-10647
-15422
-7376
7697
8432
12590
5313
2865
-12900
12081
-11846
-3747
-10083
14245
14434
-8
-8530
