    0
    0
  -69
 -293
 -608
 -755
 -519
   49
  638
  879
  599
  -54
 -694
 -933
 -622
   59
  706
  936
  613
  -74
 -720
 -947
 -620
   68
  713
  938
  611
  -76
 -721
 -945
 -618
   69
  713
  938
  611
  -76
 -720
 -944
 -617
   69
  713
  937
  609
  -78
 -722
 -945
 -617
   70
  714
  938
  610
  -78
 -723
 -946
 -618
   70
  715
  938
  609
  -79
 -723
 -946
 -618
   70
  715
  939
  611
  -77
 -722
 -946
 -618
   70
  715
  939
  611
  -77
 -722
 -946
 -617
   71
  715
  939
  611
  -76
 -721
 -946
 -620
   67
  711
  936
  609
  -77
 -721
 -945
 -618
   70
  714
  937
  609
  -79
 -723
 -947
 -618
   70
  714
  937
  609
  -77
 -720
 -943
 -616
   70
  713
  937
  610
  -76
 -719
 -943
 -616
   70
  713
  936
  608
  -78
 -721
 -944
 -617
   69
  713
  937
  610
  -77
 -722
 -946
 -618
   70
  715
  938
  609
  -79
 -723
 -946
 -618
   70
  715
  939
  611
  -77
 -722
 -946
 -618
   70
  715
  939
  611
  -77
 -722
 -946
 -617
   71
  715
  939
  611
  -76
 -721
 -946
 -620
   67
  711
  936
  609
  -77
 -721
 -945
 -618
   70
  714
  937
  609
  -79
 -723
 -947
 -618
   70
  714
  937
  609
  -77
 -720
 -943
 -616
   70
  713
  937
  610
  -76
 -719
 -943
 -616
   70
  713
  936
  608
  -78
 -721
 -944
 -617
   69
  713
  937
  610
  -77
 -722
 -946
 -618
   70
  715
  938
  609
  -79
 -723
 -946
 -618
   70
  715
  939
  611
  -77
 -722
 -946
 -618
   70
  715
  939
  611
  -77
 -722
 -946
 -617
   71
  715
  939
  611
  -76
 -721
 -946
 -620
   67
  711
  936
  609
  -77
 -721
 -945
 -618
   70
  714
  937
  609
  -79
 -723
 -947
 -618
   70
  714
  937
  609
  -77
 -720
 -943
 -616
   70
  713
  937
  610
  -76
 -719
 -943
 -616
   70
  713
  936
  608
  -78
 -721
 -944
 -617
   69
  713
  937
  610
  -77
 -722
 -946
 -618
   70
  715
  938
  609
  -79
 -723
 -946
 -618
   70
  715
  939
  611
  -77
 -722
 -946
 -618
   70
  715
  939
  611
  -77
 -722
 -946
 -617
   71
  715
  939
  611
  -76
 -721
 -946
 -620
   67
  711
  936
  609
  -77
 -721
 -945
 -618
   70
  714
  937
  609
  -79
 -723
 -947
 -618
   70
  714
  937
  609
  -77
 -720
 -943
 -616
   70
  713
  937
  610
  -76
 -719
 -943
 -616
   70
  713
  936
  608
  -78
 -721
 -944
 -617
   69
  713
  937
  610
  -77
 -722
 -946
 -618
   70
  715
  938
  609
  -79
 -723
 -946
 -618
   70
  715
  939
  611
  -77
 -722
 -946
 -618
   70
  715
  939
  611
  -77
 -722
 -946
 -617
   71
  715
  939
  611
  -76
 -721
 -946
 -620
   67
  711
  936
  609
  -77
 -721
 -945
 -618
   70
  714
  937
  609
  -79
 -723
 -947
 -618
   70
  714
  937
  609
  -77
 -720
 -943
 -616
   70
  713
  937
  610
  -76
 -719
 -943
 -616
   70
  713
  936
  608
  -78
 -721
 -944
 -617
   69
  713
  937
  610
  -77
 -722
 -946
 -618
   70
  715
  938
  609
  -79
 -723
 -946
 -618
   70
  715
  939
  611
  -77
 -722
 -946
 -618
   70
  715
  939
  611
  -77
 -722
 -946
 -617
   71
  715
  939
  611
  -76
 -721
 -946
 -620
   67
  711
  936
  609
  -77
 -721
 -945
 -618
   70
  714
  937
  609
  -79
 -723
 -947
 -618
   70
  714
  937
  609
  -77
 -720
 -943
 -616
   70
  713
  937
  610
  -76
 -719
 -943
 -616
   70
  713
  936
  608
  -78
 -721
 -944
 -617
   69
  713
  937
  610
  -77
 -722
 -946
 -618
   70
  715
  938
  609
  -79
 -723
 -946
 -618
   70
  715
  939
  611
  -77
 -722
 -946
 -618
   70
  715
  939
  611
  -77
 -722
 -946
 -617
   71
  715
  939
  611
  -76
 -721
 -946
 -620
   67
  711
  936
  609
  -77
 -721
 -945
 -618
   70
  714
  937
  609
  -79
 -723
 -947
 -618
   70
  714
  937
  609
  -77
 -720
 -943
 -616
   70
  713
  937
  610
  -76
 -719
 -943
 -616
   70
  713
  936
  608
  -78
 -721
 -944
 -617
   69
  713
  937
  610
  -77
 -722
 -946
 -618
   70
  715
  938
  609
  -79
 -723
 -946
 -618
   70
  715
  939
  611
  -77
 -722
 -946
 -618
   70
  715
  939
  611
  -77
 -722
 -946
 -617
   71
  715
  939
  611
  -76
 -721
 -946
 -620
   67
  711
  936
  609
  -77
 -721
 -945
 -618
   70
  714
  937
  609
  -79
 -723
 -947
 -618
   70
  714
  937
  609
  -77
 -720
 -943
 -616
   70
  713
  937
  610
  -76
 -719
 -943
 -616
   70
  713
  936
  608
  -78
 -721
 -944
 -617
   69
  713
  937
  610
  -77
 -722
 -946
 -618
   70
  715
  938
  609
  -79
 -723
 -946
 -618
   70
  715
  939
  611
  -77
 -722
 -946
 -618
   70
  715
  939
  611
  -77
 -722
 -946
 -617
   71
  715
  939
  611
  -76
 -721
 -946
 -620
   67
  711
  936
  609
  -77
 -721
 -945
 -618
   70
  714
  937
  609
  -79
 -723
 -947
 -618
   70
  714
  937
  609
  -77
 -720
 -943
 -616
   70
  713
  937
  610
  -76
 -719
 -943
 -616
   70
  713
  936
  608
  -78
 -721
 -944
 -617
   69
  713
  937
  610
  -77
 -722
 -946
 -618
   70
  715
  938
  609
  -79
 -723
 -946
 -618
   70
  715
  939
  611
  -77
 -722
 -946
 -618
   70
  715
  939
  611
  -77
 -722
 -946
 -617
   71
  715
  939
  611
  -76
 -721
 -946
 -620
   67
  711
  936
  609
  -77
 -721
 -945
 -618
   70
  714
  937
  609
  -79
 -723
 -947
 -618
   70
  714
  937
  609
  -77
 -720
 -943
 -616
   70
  713
  937
  610
  -76
 -719
 -943
 -616
   70
  713
  936
  608
  -78
 -721
 -944
 -617
   69
  713
  937
  610
  -77
 -722
 -946
 -618
   70
  715
  938
  609
  -79
 -723
 -946
 -618
   70
  715
  939
  611
  -77
 -722
 -946
 -618
   70
  715
  939
  611
  -77
 -722
 -946
 -617
   71
  715
  939
  611
  -76
 -721
 -946
 -620
   67
  711
  936
  609
  -77
 -721
 -945
 -618
   70
  714
  937
  609
  -79
 -723
 -947
 -618
   70
  714
  937
  609
  -77
 -720
 -943
 -616
   70
  713
  937
  610
  -76
 -719
 -943
 -616
   70
  713
  936
  608
  -78
 -721
 -944
 -617
   69
  713
  937
  610
  -77
 -722
 -946
 -618
   70
  715
  938
  609
  -79
 -723
 -946
 -618
   70
  715
  939
  611
  -77
 -722
 -946
 -618
   70
  715
  939
  611
  -77
 -722
 -946
 -617
   71
  715
  939
  611
  -76
 -721
 -946
 -620
   67
  711
  936
  609
  -77
 -721
 -945
 -618
   70
  714
  937
  609
  -79
 -723
 -947
 -618
   70
  714
  937
  609
  -77
 -720
 -943
 -616
   70
  713
  937
  610
  -76
 -719
 -943
 -616
   70
  713
  936
  608
  -78
 -721
 -944
 -617
   69
  713
  937
  610
  -77
 -722
 -946
 -618
   70
  715
  938
  609
  -79
 -723
 -946
 -618
   70
  715
  939
  611
  -77
 -722
 -946
 -618
   70
  715
  939
  611
  -77
 -722
 -946
 -617
   71
  715
  939
  611
  -76
 -721
 -946
 -620
   67
  711
  936
  609
  -77
 -721
 -945
 -618
   70
  714
  937
  609
  -79
 -723
 -947
 -618
   70
  714
  937
  609
  -77
 -720
 -943
 -616
   70
  713
  937
  610
  -76
 -719
 -943
 -616
   70
  713
  936
  608
  -78
 -721
 -944
 -617
   69
  713
  937
  610
  -77
 -722
 -946
 -618
   70
  715
  938
  609
  -79
 -723
 -946
 -618
   70
  715
  939
  611
  -77
 -722
 -946
 -618
   70
  715
  939
  611
  -77
 -722
 -946
 -617
   71
  715
  939
  611
  -76
 -721
 -946
 -620
   67
  711
  936
  609
  -77
 -721
 -945
 -618
   70
  714
  937
  609
  -79
 -723
 -947
 -618
   70
  714
  937
  609
  -77
 -720
 -943
 -616
   70
  713
  937
  610
  -76
 -719
 -943
 -616
   70
  713
  936
  608
  -78
 -721
 -944
 -617
   69
  713
  937
  610
  -77
 -722
 -946
 -618
   70
  715
  938
  609
  -79
 -723
 -946
 -618
   70
  715
  939
  611
  -77
 -722
 -946
 -618
   70
  715
  939
  611
  -77
 -722
 -946
 -617
   71
  715
  939
  611
  -76
 -721
 -946
 -620
   67
  711
  936
  609
  -77
 -721
 -945
 -618
   70
  714
  937
  609
  -79
 -723
 -947
 -618
   70
  714
  937
  609
  -77
 -720
 -943
 -616
   70
  713
  937
  610
  -76
 -719
 -943
 -616
   70
  713
  936
  608
  -78
 -721
 -944
 -617
   69
  713
  937
  610
  -77
 -722
 -946
 -618
   70
  715
  938
  609
  -79
 -723
 -946
 -618
   70
  715
  939
  611
  -77
 -722
 -946
 -618
   70
  715
  939
  611
  -77
 -722
 -946
 -617
   71
  715
  939
  611
  -76
 -721
 -946
 -620
   67
  711
  936
  609
  -77
 -721
 -945
 -618
   70
  714
  937
  609
  -79
 -723
 -947
 -618
   70
  714
  937
  609
  -77
 -720
 -943
 -616
   70
  713
  937
  610
  -76
 -719
 -943
 -616
   70
  713
  936
  608
  -78
 -721
 -944
 -617
   69
  713
  937
  610
  -77
 -722
 -946
 -618
   70
  715
  938
  609
  -79
 -723
 -946
 -618
   70
  715
  939
  611
  -77
 -722
 -946
 -618
   70
  715
  939
  611
  -77
 -722
 -946
 -617
   71
  715
  939
  611
  -76
 -721
 -946
 -620
   67
  711
  936
  609
  -77
 -721
 -945
 -618
   70
  714
  937
  609
  -79
 -723
 -947
 -618
   70
  714
  937
  609
  -77
 -720
 -943
 -616
   70
  713
  937
  610
  -76
 -719
 -943
 -616
   70
  713
  936
  608
  -78
 -721
 -944
 -617
   69
  713
  937
  610
  -77
 -722
 -946
 -618
   70
  715
  938
  609
  -79
 -723
 -946
 -618
   70
  715
  939
  611
  -77
 -722
 -946
 -618
   70
  715
  939
  611
  -77
 -722
 -946
 -617
   71
  715
  939
  611
  -76
 -721
 -946
 -620
   67
  711
  936
  609
  -77
 -721
 -945
 -618
   70
  714
  937
  609
  -79
 -723
 -947
 -618
   70
  714
  937
  609
  -77
 -720
 -943
 -616
   70
  713
  937
  610
  -76
 -719
 -943
 -616
   70
  713
  936
  608
  -78
 -721
 -944
 -617
   69
  713
  937
  610
  -77
 -722
 -946
 -618
   70
  715
  938
  609
  -79
 -723
 -946
 -618
   70
  715
  939
  611
  -77
 -722
 -946
 -618
   70
  715
  939
  611
  -77
 -722
 -946
 -617
   71
  715
  939
  611
  -76
 -721
 -946
 -620
   67
  711
  936
  609
  -77
 -721
 -945
 -618
   70
  714
  937
  609
  -79
 -723
 -947
 -618
   70
  714
  937
  609
  -77
 -720
 -943
 -616
   70
  713
  937
  610
  -76
 -719
 -943
 -616
   70
  713
  936
  608
  -78
 -721
 -944
 -617
   69
  713
  937
  610
  -77
 -722
 -946
 -618
   70
  715
  938
  609
  -79
 -723
 -946
 -618
   70
  715
  939
  611
  -77
 -722
 -946
 -618
   70
  715
  939
  611
  -77
 -722
 -946
 -617
   71
  715
  939
  611
  -76
 -721
 -946
 -620
   67
  711
  936
  609
  -77
 -721
 -945
 -618
   70
  714
  937
  609
  -79
 -723
 -947
 -618
   70
  714
  937
  609
  -77
 -720
 -943
 -616
   70
  713
  937
  610
  -76
 -719
 -943
 -616
   70
  713
  936
  608
  -78
 -721
 -944
 -617
   69
  713
  937
  610
  -77
 -722
 -946
 -618
   70
  715
  938
  609
  -79
 -723
 -946
 -618
   70
  715
  939
  611
  -77
 -722
 -946
 -618
   70
  715
  939
  611
  -77
 -722
 -946
 -617
   71
  715
  939
  611
  -76
 -721
 -946
 -620
   67
  711
  936
  609
  -77
 -721
 -945
 -618
   70
  714
  937
  609
  -79
 -723
 -947
 -618
   70
  714
  937
  609
  -77
 -720
 -943
 -616
   70
  713
  937
  610
  -76
 -719
 -943
 -616
   70
  713
  936
  608
  -78
 -721
 -944
 -617
   69
  713
  937
  610
  -77
 -722
 -946
 -618
   70
  715
  938
  609
  -79
 -723
 -946
 -618
   70
  715
  939
  611
  -77
 -722
 -946
 -618
   70
  715
  939
  611
  -77
 -722
 -946
 -617
   71
  715
  939
  611
  -76
 -721
 -946
 -620
   67
  711
  936
  609
  -77
 -721
 -945
 -618
   70
  714
  937
  609
  -79
 -723
 -947
 -618
   70
  714
  937
  609
  -77
 -720
 -943
 -616
   70
  713
  937
  610
  -76
 -719
 -943
 -616
   70
  713
  936
  608
  -78
 -721
 -944
 -617
   69
  713
  937
  610
  -77
 -722
 -946
 -618
   70
  715
  938
  609
  -79
 -723
 -946
 -618
   70
  715
  939
  611
  -77
 -722
 -946
 -618
   70
  715
  939
  611
  -77
 -722
 -946
 -617
   71
  715
  939
  611
  -76
 -721
 -946
 -620
   67
  711
  936
  609
  -77
 -721
 -945
 -618
   70
  714
  937
  609
  -79
 -723
 -947
 -618
   70
  714
  937
  609
  -77
 -720
 -943
 -616
   70
  713
  937
  610
  -76
 -719
 -943
 -616
   70
  713
  936
  608
  -78
 -721
 -944
 -617
   69
  713
  937
  610
  -77
 -722
 -946
 -618
   70
  715
  938
  609
  -79
 -723
 -946
 -618
   70
  715
  939
  611
  -77
 -722
 -946
 -618
   70
  715
  939
  611
  -77
 -722
 -946
 -617
   71
  715
  939
  611
  -76
 -721
 -946
 -620
   67
  711
  936
  609
  -77
 -721
 -945
 -618
   70
  714
  937
  609
  -79
 -723
 -947
 -618
   70
  714
  937
  609
  -77
 -720
 -943
 -616
   70
  713
  937
  610
  -76
 -719
 -943
 -616
   70
  713
  936
  608
  -78
 -721
 -944
 -617
   69
  713
  937
  610
  -77
 -722
 -946
 -618
   70
  715
  938
  609
  -79
 -723
 -946
 -618
   70
  715
  939
  611
  -77
 -722
 -946
 -618
   70
  715
  939
  611
  -77
 -803
-1363
-1718
-1879
