        0
        0
        0
        0
        0
        0
        0
        0
        0
        0
   -61425
   -30415
   171015
   265378
   -72483
  -590592
  -492752
   756174
  2820402
  4653422
  5069308
  3369968
   -82726
 -3693416
 -5369976
 -3930991
   -80423
  3903465
  5578046
  3949046
   -26324
 -3945017
 -5526079
 -3915279
   -30160
  3921507
  5588286
  3931431
   -32313
 -3926249
 -5524460
 -3937224
   -32210
  3939570
  5583419
  3910599
   -26798
 -3907637
 -5532947
 -3953657
   -19886
  3955495
  5570287
  3898541
   -10566
 -3898498
 -5552743
 -3962351
        0
  3962351
  5552743
  3898498
    10566
 -3898541
 -5570287
 -3955495
    19886
  3953657
  5532947
  3907637
    26798
 -3910599
 -5583419
 -3939570
    32210
  3937224
  5524460
  3926249
    32313
 -3931431
 -5588286
 -3921507
    30160
  3915279
  5526079
  3945017
    26324
 -3949046
 -5578046
 -3903465
    18998
  3900576
  5540991
  3958794
    10243
 -3960560
 -5562060
 -3897248
        0
  3897248
  5562060
  3960560
   -10243
 -3958794
 -5540991
 -3900576
   -18998
  3903465
  5578046
  3949046
   -26324
 -3945017
 -5526079
 -3915279
   -30160
  3921507
  5588286
  3931431
   -32313
 -3926249
 -5524460
 -3937224
   -32210
  3939570
  5583419
  3910599
   -26798
 -3907637
 -5532947
 -3953657
   -19886
  3955495
  5570287
  3898541
   -10566
 -3898498
 -5552743
 -3962351
        0
  3962351
  5552743
  3898498
    10566
 -3898541
 -5570287
 -3955495
    19886
  3953657
  5532947
  3907637
    26798
 -3910599
 -5583419
 -3939570
    32210
  3937224
  5524460
  3926249
    32313
 -3931431
 -5588286
 -3921507
    30160
  3915279
  5526079
  3945017
    26324
 -3949046
 -5578046
 -3903465
    18998
  3900576
  5540991
  3958794
    10243
 -3960560
 -5562060
 -3897248
        0
  3897248
  5562060
  3960560
   -10243
 -3958794
 -5540991
 -3900576
   -18998
  3903465
  5578046
  3949046
   -26324
 -3945017
 -5526079
 -3915279
   -30160
  3921507
  5588286
  3931431
   -32313
 -3926249
 -5524460
 -3937224
   -32210
  3939570
  5583419
  3910599
   -26798
 -3907637
 -5532947
 -3953657
   -19886
  3955495
  5570287
  3898541
   -10566
 -3898498
 -5552743
 -3962351
        0
  3962351
  5552743
  3898498
    10566
 -3898541
 -5570287
 -3955495
    19886
  3953657
  5532947
  3907637
    26798
 -3910599
 -5583419
 -3939570
    32210
  3937224
  5524460
  3926249
    32313
 -3931431
 -5588286
 -3921507
    30160
  3915279
  5526079
  3945017
    26324
 -3949046
 -5578046
 -3903465
    18998
  3900576
  5540991
  3958794
    10243
 -3960560
 -5562060
 -3897248
        0
  3897248
  5562060
  3960560
   -10243
 -3958794
 -5540991
 -3900576
   -18998
  3903465
  5578046
  3949046
   -26324
 -3945017
 -5526079
 -3915279
   -30160
  3921507
  5588286
  3931431
   -32313
 -3926249
 -5524460
 -3937224
   -32210
  3939570
  5583419
  3910599
   -26798
 -3907637
 -5532947
 -3953657
   -19886
  3955495
  5570287
  3898541
   -10566
 -3898498
 -5552743
 -3962351
        0
  3962351
  5552743
  3898498
    10566
 -3898541
 -5570287
 -3955495
    19886
  3953657
  5532947
  3907637
    26798
 -3910599
 -5583419
 -3939570
    32210
  3937224
  5524460
  3926249
    32313
 -3931431
 -5588286
 -3921507
    30160
  3915279
  5526079
  3945017
    26324
 -3949046
 -5578046
 -3903465
    18998
  3900576
  5540991
  3958794
    10243
 -3960560
 -5562060
 -3897248
        0
  3897248
  5562060
  3960560
   -10243
 -3958794
 -5540991
 -3900576
   -18998
  3903465
  5578046
  3949046
   -26324
 -3945017
 -5526079
 -3915279
   -30160
  3921507
  5588286
  3931431
   -32313
 -3926249
 -5524460
 -3937224
   -32210
  3939570
  5583419
  3910599
   -26798
 -3907637
 -5532947
 -3953657
   -19886
  3955495
  5570287
  3898541
   -10566
 -3898498
 -5552743
 -3962351
        0
  3962351
  5552743
  3898498
    10566
 -3898541
 -5570287
 -3955495
    19886
  3953657
  5532947
  3907637
    26798
 -3910599
 -5583419
 -3939570
    32210
  3937224
  5524460
  3926249
    32313
 -3931431
 -5588286
 -3921507
    30160
  3915279
  5526079
  3945017
    26324
 -3949046
 -5578046
 -3903465
    18998
  3900576
  5540991
  3958794
    10243
 -3960560
 -5562060
 -3897248
        0
  3897248
  5562060
  3960560
   -10243
 -3958794
 -5540991
 -3900576
   -18998
  3903465
  5578046
  3949046
   -26324
 -3945017
 -5526079
 -3915279
   -30160
  3921507
  5588286
  3931431
   -32313
 -3926249
 -5524460
 -3937224
   -32210
  3939570
  5583419
  3910599
   -26798
 -3907637
 -5532947
 -3953657
   -19886
  3955495
  5570287
  3898541
   -10566
 -3898498
 -5552743
 -3962351
        0
  3962351
  5552743
  3898498
    10566
 -3898541
 -5570287
 -3955495
    19886
  3953657
  5532947
  3907637
    26798
 -3910599
 -5583419
 -3939570
    32210
  3937224
  5524460
  3926249
    32313
 -3931431
 -5588286
 -3921507
    30160
  3915279
  5526079
  3945017
    26324
 -3949046
 -5578046
 -3903465
    18998
  3900576
  5540991
  3958794
    10243
 -3960560
 -5562060
 -3897248
        0
  3897248
  5562060
  3960560
   -10243
 -3958794
 -5540991
 -3900576
   -18998
  3903465
  5578046
  3949046
   -26324
 -3945017
 -5526079
 -3915279
   -30160
  3921507
  5588286
  3931431
   -32313
 -3926249
 -5524460
 -3937224
   -32210
  3939570
  5583419
  3910599
   -26798
 -3907637
 -5532947
 -3953657
   -19886
  3955495
  5570287
  3898541
   -10566
 -3898498
 -5552743
 -3962351
        0
  3962351
  5552743
  3898498
    10566
 -3898541
 -5570287
 -3955495
    19886
  3953657
  5532947
  3907637
    26798
 -3910599
 -5583419
 -3939570
    32210
  3937224
  5524460
  3926249
    32313
 -3931431
 -5588286
 -3921507
    30160
  3915279
  5526079
  3945017
    26324
 -3949046
 -5578046
 -3903465
    18998
  3900576
  5540991
  3958794
    10243
 -3960560
 -5562060
 -3897248
        0
  3897248
  5562060
  3960560
   -10243
 -3958794
 -5540991
 -3900576
   -18998
  3903465
  5578046
  3949046
   -26324
 -3945017
 -5526079
 -3915279
   -30160
  3921507
  5588286
  3931431
   -32313
 -3926249
 -5524460
 -3937224
   -32210
  3939570
  5583419
  3910599
   -26798
 -3907637
 -5532947
 -3953657
   -19886
  3955495
  5570287
  3898541
   -10566
 -3898498
 -5552743
 -3962351
        0
  3962351
  5552743
  3898498
    10566
 -3898541
 -5570287
 -3955495
    19886
  3953657
  5532947
  3907637
    26798
 -3910599
 -5583419
 -3939570
    32210
  3937224
  5524460
  3926249
    32313
 -3931431
 -5588286
 -3921507
    30160
  3915279
  5526079
  3945017
    26324
 -3949046
 -5578046
 -3903465
    18998
  3900576
  5540991
  3958794
    10243
 -3960560
 -5562060
 -3897248
        0
  3897248
  5562060
  3960560
   -10243
 -3958794
 -5540991
 -3900576
   -18998
  3903465
  5578046
  3949046
   -26324
 -3945017
 -5526079
 -3915279
   -30160
  3921507
  5588286
  3931431
   -32313
 -3926249
 -5524460
 -3937224
   -32210
  3939570
  5583419
  3910599
   -26798
 -3907637
 -5532947
 -3953657
   -19886
  3955495
  5570287
  3898541
   -10566
 -3898498
 -5552743
 -3962351
        0
  3962351
  5552743
  3898498
    10566
 -3898541
 -5570287
 -3955495
    19886
  3953657
  5532947
  3907637
    26798
 -3910599
 -5583419
 -3939570
    32210
  3937224
  5524460
  3926249
    32313
 -3931431
 -5588286
 -3921507
    30160
  3915279
  5526079
  3945017
    26324
 -3949046
 -5578046
 -3903465
    18998
  3900576
  5540991
  3958794
    10243
 -3960560
 -5562060
 -3897248
        0
  3897248
  5562060
  3960560
   -10243
 -3958794
 -5540991
 -3900576
   -18998
  3903465
  5578046
  3949046
   -26324
 -3945017
 -5526079
 -3915279
   -30160
  3921507
  5588286
  3931431
   -32313
 -3926249
 -5524460
 -3937224
   -32210
  3939570
  5583419
  3910599
   -26798
 -3907637
 -5532947
 -3953657
   -19886
  3955495
  5570287
  3898541
   -10566
 -3898498
 -5552743
 -3962351
        0
  3962351
  5552743
  3898498
    10566
 -3898541
 -5570287
 -3955495
    19886
  3953657
  5532947
  3907637
    26798
 -3910599
 -5583419
 -3939570
    32210
  3937224
  5524460
  3926249
    32313
 -3931431
 -5588286
 -3921507
    30160
  3915279
  5526079
  3945017
    26324
 -3949046
 -5578046
 -3903465
    18998
  3900576
  5540991
  3958794
    10243
 -3960560
 -5562060
 -3897248
        0
  3897248
  5562060
  3960560
   -10243
 -3958794
 -5540991
 -3900576
   -18998
  3903465
  5578046
  3949046
   -26324
 -3945017
 -5526079
 -3915279
   -30160
  3921507
  5588286
  3931431
   -32313
 -3926249
 -5524460
 -3937224
   -32210
  3939570
  5583419
  3910599
   -26798
 -3907637
 -5532947
 -3953657
   -19886
  3955495
  5570287
  3898541
   -10566
 -3898498
 -5552743
 -3962351
        0
  3962351
  5552743
  3898498
    10566
 -3898541
 -5570287
 -3955495
    19886
  3953657
  5532947
  3907637
    26798
 -3910599
 -5583419
 -3939570
    32210
  3937224
  5524460
  3926249
    32313
 -3931431
 -5588286
 -3921507
    30160
  3915279
  5526079
  3945017
    26324
 -3949046
 -5578046
 -3903465
    18998
  3900576
  5540991
  3958794
    10243
 -3960560
 -5562060
 -3897248
        0
  3897248
  5562060
  3960560
   -10243
 -3958794
 -5540991
 -3900576
   -18998
  3903465
  5578046
  3949046
   -26324
 -3945017
 -5526079
 -3915279
   -30160
  3921507
  5588286
  3931431
   -32313
 -3926249
 -5524460
 -3937224
   -32210
  3939570
  5583419
  3910599
   -26798
 -3907637
 -5532947
 -3953657
   -19886
  3955495
  5570287
  3898541
   -10566
 -3898498
 -5552743
 -3962351
        0
  3962351
  5552743
  3898498
    10566
 -3898541
 -5570287
 -3955495
    19886
  3953657
  5532947
  3907637
    26798
 -3910599
 -5583419
 -3939570
    32210
  3937224
  5524460
  3926249
    32313
 -3931431
 -5588286
 -3921507
    30160
  3915279
  5526079
  3945017
    26324
 -3949046
 -5578046
 -3903465
    18998
  3900576
  5540991
  3958794
    10243
 -3960560
 -5562060
 -3897248
        0
  3897248
  5562060
  3960560
   -10243
 -3958794
 -5540991
 -3900576
   -18998
  3903465
  5578046
  3949046
   -26324
 -3945017
 -5526079
 -3915279
   -30160
  3921507
  5588286
  3931431
   -32313
 -3926249
 -5524460
 -3937224
   -32210
  3939570
  5583419
  3910599
   -26798
 -3907637
 -5532947
 -3953657
   -19886
  3955495
  5570287
  3898541
   -10566
 -3898498
 -5552743
 -3962351
        0
  3962351
  5552743
  3898498
    10566
 -3898541
 -5570287
 -3955495
    19886
  3953657
  5532947
  3907637
    26798
 -3910599
 -5583419
 -3939570
    32210
  3937224
  5524460
  3926249
    32313
 -3931431
 -5588286
 -3921507
    30160
  3915279
  5526079
  3945017
    26324
 -3949046
 -5578046
 -3903465
    18998
  3900576
  5540991
  3958794
    10243
 -3960560
 -5562060
 -3897248
        0
  3897248
  5562060
  3960560
   -10243
 -3958794
 -5540991
 -3900576
   -18998
  3903465
  5578046
  3949046
   -26324
 -3945017
 -5526079
 -3915279
   -30160
  3921507
  5588286
  3931431
   -32313
 -3926249
 -5524460
 -3937224
   -32210
  3939570
  5583419
  3910599
   -26798
 -3907637
 -5532947
 -3953657
   -19886
  3955495
  5570287
  3898541
   -10566
 -3898498
 -5552743
 -3962351
        0
  3962351
  5552743
  3898498
    10566
 -3898541
 -5570287
 -3955495
    19886
  3953657
  5532947
  3907637
    26798
 -3910599
 -5583419
 -3939570
    32210
  3937224
  5524460
  3926249
    32313
 -3931431
 -5588286
 -3921507
    30160
  3915279
  5526079
  3945017
    26324
 -3949046
 -5578046
 -3903465
    18998
  3900576
  5540991
  3958794
    10243
 -3960560
 -5562060
 -3897248
        0
  3897248
  5562060
  3960560
   -10243
 -3958794
 -5540991
 -3900576
   -18998
  3903465
  5578046
  3949046
   -26324
 -3945017
 -5526079
 -3915279
   -30160
  3921507
  5588286
  3931431
   -32313
 -3926249
 -5524460
 -3937224
   -32210
  3939570
  5583419
  3910599
   -26798
 -3907637
 -5532947
 -3953657
   -19886
  3955495
  5570287
  3898541
   -10566
 -3898498
 -5552743
 -3962351
        0
  3962351
  5552743
  3898498
    10566
 -3898541
 -5570287
 -3955495
    19886
  3953657
  5532947
  3907637
    26798
 -3910599
 -5583419
 -3939570
    32210
  3937224
  5524460
  3926249
    32313
 -3931431
 -5588286
 -3921507
    30160
  3915279
  5526079
  3945017
    26324
 -3949046
 -5578046
 -3903465
    18998
  3900576
  5540991
  3958794
    10243
 -3960560
 -5562060
 -3897248
        0
  3897248
  5562060
  3960560
   -10243
 -3958794
 -5540991
 -3900576
   -18998
  3903465
  5578046
  3949046
   -26324
 -3945017
 -5526079
 -3915279
   -30160
  3921507
  5588286
  3931431
   -32313
 -3926249
 -5524460
 -3937224
   -32210
  3939570
  5583419
  3910599
   -26798
 -3907637
 -5532947
 -3953657
   -19886
  3955495
  5570287
  3898541
   -10566
 -3898498
 -5552743
 -3962351
        0
  3962351
  5552743
  3898498
    10566
 -3898541
 -5570287
 -3955495
    19886
  3953657
  5532947
  3907637
    26798
 -3910599
 -5583419
 -3939570
    32210
  3937224
  5524460
  3926249
    32313
 -3931431
 -5588286
 -3921507
    30160
  3915279
  5526079
  3945017
    26324
 -3949046
 -5578046
 -3903465
    18998
  3900576
  5540991
  3958794
    10243
 -3960560
 -5562060
 -3897248
        0
  3897248
  5562060
  3960560
   -10243
 -3958794
 -5540991
 -3900576
   -18998
  3903465
  5578046
  3949046
   -26324
 -3945017
 -5526079
 -3915279
   -30160
  3921507
  5588286
  3931431
   -32313
 -3926249
 -5524460
 -3937224
   -32210
  3939570
  5583419
  3910599
   -26798
 -3907637
 -5532947
 -3953657
   -19886
  3955495
  5570287
  3898541
   -10566
 -3898498
 -5552743
 -3962351
        0
  3962351
  5552743
  3898498
    10566
 -3898541
 -5570287
 -3955495
    19886
  3953657
  5532947
  3907637
    26798
 -3910599
 -5583419
 -3939570
    32210
  3937224
  5524460
  3926249
    32313
 -3931431
 -5588286
 -3921507
    30160
  3915279
  5526079
  3945017
    26324
 -3949046
 -5578046
 -3903465
    18998
  3900576
  5540991
  3958794
    10243
 -3960560
 -5562060
 -3897248
        0
  3897248
  5562060
  3960560
   -10243
 -3958794
 -5540991
 -3900576
   -18998
  3903465
  5578046
  3949046
   -26324
 -3945017
 -5526079
 -3915279
   -30160
  3921507
  5588286
  3931431
   -32313
 -3926249
 -5524460
 -3937224
   -32210
  3939570
  5583419
  3910599
   -26798
 -3907637
 -5532947
 -3953657
   -19886
  3955495
  5570287
  3898541
   -10566
 -3898498
 -5552743
 -3962351
        0
  3962351
  5552743
  3898498
    10566
 -3898541
 -5570287
 -3955495
    19886
  3953657
  5532947
  3907637
    26798
 -3910599
 -5583419
 -3939570
    32210
  3937224
  5524460
  3926249
    32313
 -3931431
 -5588286
 -3921507
    30160
  3915279
  5526079
  3945017
    26324
 -3949046
 -5578046
 -3903465
    18998
  3900576
  5540991
  3958794
    10243
 -3960560
 -5562060
 -3897248
        0
  3897248
  5562060
  3960560
   -10243
 -3958794
 -5540991
 -3900576
   -18998
  3903465
  5578046
  3949046
   -26324
 -3945017
 -5526079
 -3915279
   -30160
  3921507
  5588286
  3931431
   -32313
 -3926249
 -5524460
 -3937224
   -32210
  3939570
  5583419
  3910599
   -26798
 -3907637
 -5532947
 -3953657
   -19886
  3955495
  5570287
  3898541
   -10566
 -3898498
 -5552743
 -3962351
        0
  3962351
  5552743
  3898498
    10566
 -3898541
 -5570287
 -3955495
    19886
  3953657
  5532947
  3907637
    26798
 -3910599
 -5583419
 -3939570
    32210
  3937224
  5524460
  3926249
    32313
 -3931431
 -5588286
 -3921507
    30160
  3915279
  5526079
  3945017
    26324
 -3949046
 -5578046
 -3903465
    18998
  3900576
  5540991
  3958794
    10243
 -3960560
 -5562060
 -3897248
        0
  3897248
  5562060
  3960560
   -10243
 -3958794
 -5540991
 -3900576
   -18998
  3903465
  5578046
  3949046
   -26324
 -3945017
 -5526079
 -3915279
   -30160
  3921507
  5588286
  3931431
   -32313
 -3926249
 -5524460
 -3937224
   -32210
  3939570
  5583419
  3910599
   -26798
 -3907637
 -5532947
 -3953657
   -19886
  3955495
  5570287
  3898541
   -10566
 -3898498
 -5552743
 -3962351
        0
  3962351
  5552743
  3898498
    10566
 -3898541
 -5570287
 -3955495
    19886
  3953657
  5532947
  3907637
    26798
 -3910599
 -5583419
 -3939570
    32210
  3937224
  5524460
  3926249
    32313
 -3931431
 -5588286
 -3921507
    30160
  3915279
  5526079
  3945017
    26324
 -3949046
 -5578046
 -3903465
    18998
  3900576
  5540991
  3958794
    10243
 -3960560
 -5562060
 -3897248
        0
  3897248
  5562060
  3960560
   -10243
 -3958794
 -5540991
 -3900576
   -18998
  3903465
  5578046
  3949046
   -26324
 -3945017
 -5526079
 -3915279
   -30160
  3921507
  5588286
  3931431
   -32313
 -3926249
 -5524460
 -3937224
   -32210
  3939570
  5583419
  3910599
   -26798
 -3907637
 -5532947
 -3953657
   -19886
  3955495
  5570287
  3898541
   -10566
 -3898498
 -5552743
 -3962351
        0
  3962351
  5552743
  3898498
    10566
 -3898541
 -5570287
 -3955495
    19886
  3953657
  5532947
  3907637
    26798
 -3910599
 -5583419
 -3939570
    32210
  3937224
  5524460
  3926249
    32313
 -3931431
 -5588286
 -3921507
    30160
  3915279
  5526079
  3945017
    26324
 -3949046
 -5578046
 -3903465
    18998
  3900576
  5540991
  3958794
    10243
 -3960560
 -5562060
 -3897248
        0
  3897248
  5562060
  3960560
   -10243
 -3958794
 -5540991
 -3900576
   -18998
  3903465
  5578046
  3949046
   -26324
 -3945017
 -5526079
 -3915279
   -30160
  3921507
  5588286
  3931431
   -32313
 -3926249
 -5524460
 -3937224
   -32210
  3939570
  5583419
  3910599
   -26798
 -3907637
 -5532947
 -3953657
   -19886
  3955495
  5570287
  3898541
   -10566
 -3898498
 -5552743
 -3962351
        0
  3962351
  5552743
  3898498
    10566
 -3898541
 -5570287
 -3955495
    19886
  3953657
  5532947
  3907637
    26798
 -3910599
 -5583419
 -3939570
    32210
  3937224
  5524460
  3926249
    32313
 -3931431
 -5588286
 -3921507
    30160
  3915279
  5526079
  3945017
    26324
 -3949046
 -5578046
 -3903465
    18998
  3900576
  5540991
  3958794
    10243
 -3960560
 -5562060
 -3897248
        0
  3897248
  5562060
  3960560
   -10243
 -3958794
 -5540991
 -3900576
   -18998
  3903465
  5578046
  3949046
   -26324
 -3945017
 -5526079
 -3915279
   -30160
  3921507
  5588286
  3931431
   -32313
 -3926249
 -5524460
 -3937224
   -32210
  3939570
  5583419
  3910599
   -26798
 -3907637
 -5532947
 -3953657
   -19886
  3955495
  5570287
  3898541
   -10566
 -3898498
 -5552743
 -3962351
        0
  3962351
  5552743
  3898498
    10566
 -3898541
 -5570287
 -3955495
    19886
  3953657
  5532947
  3907637
    26798
 -3910599
 -5583419
 -3939570
    32210
  3937224
  5524460
  3926249
    32313
 -3931431
 -5588286
 -3921507
    30160
  3915279
  5526079
  3945017
    26324
 -3949046
 -5578046
 -3903465
    18998
  3900576
  5540991
  3958794
    10243
 -3960560
 -5562060
 -3897248
        0
  3897248
  5562060
  3960560
   -10243
 -3958794
 -5540991
 -3900576
   -18998
  3903465
  5578046
  3949046
   -26324
 -3945017
 -5526079
 -3915279
   -30160
  3921507
  5588286
  3931431
   -32313
 -3926249
 -5524460
 -3937224
   -32210
  3939570
  5583419
  3910599
   -26798
 -3907637
 -5532947
 -3953657
   -19886
  3955495
  5570287
  3898541
   -10566
 -3898498
 -5552743
 -3962351
        0
  3962351
  5552743
  3898498
    10566
 -3898541
 -5570287
 -3955495
    19886
  3953657
  5532947
  3907637
    26798
 -3910599
 -5583419
 -3939570
    32210
  3937224
  5524460
  3926249
    32313
 -3931431
 -5588286
 -3921507
    30160
  3915279
  5526079
  3945017
    26324
 -3949046
 -5578046
 -3903465
    18998
  3900576
  5540991
  3958794
    10243
 -3960560
 -5562060
 -3897248
        0
  3897248
  5562060
  3960560
   -10243
 -3958794
 -5540991
 -3900576
   -18998
  3903465
  5578046
  3949046
   -26324
 -3945017
 -5526079
 -3915279
   -30160
  3921507
  5588286
  3931431
   -32313
 -3926249
 -5524460
 -3937224
   -32210
  3939570
  5583419
  3910599
   -26798
 -3907637
 -5532947
 -3953657
   -19886
  3955495
  5570287
  3898541
   -10566
 -3898498
 -5552743
 -3962351
        0
  3962351
  5552743
  3898498
    10566
 -3898541
 -5570287
 -3955495
    19886
  3953657
  5532947
  3907637
    26798
 -3910599
 -5583419
 -3939570
    32210
  3937224
  5524460
  3926249
    32313
 -3931431
 -5588286
