   0
   0
   0
   0
   0
   0
   0
   0
   0
   0
   0
   0
 118
  91
 -49
-128
 -49
  91
 118
   0
-119
 -91
  48
 127
  48
 -90
-119
   0
 118
  89
 -49
-128
 -49
  89
 118
   0
-118
 -91
  49
 127
  48
 -91
-119
   0
 118
  91
 -49
-128
 -49
  91
 118
   0
-118
 -91
  49
 127
  48
 -90
-119
   0
 118
  91
 -49
-128
 -49
  89
 118
   0
-118
 -92
  47
 127
  50
 -90
-119
  -1
 117
  92
 -47
-128
 -51
  88
 119
   1
-118
 -92
  46
 127
  51
 -88
-120
  -3
 117
  92
 -46
-128
 -53
  87
 119
   4
-117
 -94
  43
 127
  53
 -87
-120
  -5
 116
  94
 -44
-128
 -54
  86
 120
   5
-116
 -96
  42
 127
  54
 -85
-121
  -7
 115
  95
 -42
-128
 -56
  84
 120
   7
-115
 -97
  40
 127
  56
 -84
-122
  -8
 114
  97
 -40
-128
 -58
  82
 121
  10
-114
 -98
  38
 127
  58
 -83
-122
 -11
 113
  98
 -38
-128
 -60
  81
 122
  12
-113
 -99
  36
 127
  60
 -81
-123
 -14
 112
  99
 -36
-127
 -62
  79
 123
  14
-112
-101
  34
 127
  62
 -79
-123
 -15
 111
 101
 -34
-127
 -63
  78
 123
  15
-111
-102
  33
 126
  63
 -77
-124
 -17
 110
 102
 -32
-127
 -65
  76
 124
  18
-110
-103
  30
 126
  66
 -75
-125
 -20
 109
 104
 -29
-127
 -67
  74
 124
  20
-109
-105
  28
 126
  68
 -73
-125
 -23
 108
 105
 -27
-126
 -69
  72
 125
  22
-107
-106
  26
 125
  69
 -71
-126
 -25
 106
 106
 -25
-126
 -71
  70
 125
  25
-107
-107
  23
 125
  71
 -70
-126
 -27
 105
 107
 -23
-125
 -73
  69
 125
  27
-105
-109
  21
 124
  73
 -68
-126
 -29
 104
 109
 -21
-125
 -75
  65
 126
  29
-103
-110
  18
 124
  75
 -66
-127
 -31
 102
 110
 -18
-124
 -77
  64
 126
  32
-102
-111
  16
 123
  77
 -64
-127
 -34
 100
 111
 -16
-124
 -79
  62
 127
  34
-101
-112
  14
 123
  79
 -61
-127
 -36
  99
 112
 -14
-123
 -81
  60
 127
  36
-100
-113
  12
 122
  81
 -60
-128
 -37
  98
 113
 -11
-122
 -82
  58
 127
  38
 -98
-114
  10
 121
  82
 -58
-128
 -40
  96
 114
  -9
-121
 -84
  56
 127
  41
 -96
-116
   6
 120
  84
 -55
-128
 -43
  94
 115
  -6
-121
 -86
  53
 127
  43
 -95
-117
   4
 120
  87
 -53
-128
 -46
  93
 116
  -4
-120
 -88
  51
 127
  46
 -93
-117
   1
 119
  89
 -51
-128
 -48
  91
 118
  -1
-119
 -90
  49
 127
  49
 -90
-119
   0
 117
  91
 -49
-128
 -50
  89
 118
   0
-118
 -92
  46
 127
  50
 -88
-120
  -3
 116
  93
 -46
-128
 -52
  87
 119
   4
-117
 -95
  43
 127
  53
 -87
-120
  -5
 115
  95
 -43
-128
 -55
  85
 120
   7
-116
 -96
  41
 127
  55
 -85
-121
  -8
 114
  96
 -41
-128
 -57
  83
 121
   8
-114
 -98
  39
 127
  57
 -83
-122
 -11
 113
  98
 -39
-128
 -59
  81
 122
  11
-113
 -99
  37
 127
  60
 -81
-123
 -13
 112
  99
 -36
-128
 -61
  79
 122
  14
-112
-101
  34
 127
  62
 -79
-123
 -15
 111
 101
 -34
-127
 -64
  78
 123
  16
-111
-102
  32
 126
  64
 -77
-124
 -18
 110
 102
 -31
-127
 -66
  76
 124
  19
-110
-104
  29
 126
  66
 -75
-125
 -20
 108
 104
 -29
-126
 -68
  73
 124
  21
-108
-105
  27
 125
  69
 -73
-125
 -23
 107
 105
 -27
-126
 -70
  71
 125
  23
-107
-107
  25
 125
  70
 -71
-126
 -25
 105
 106
 -25
-126
 -71
  69
 125
  26
-106
-107
  22
 125
  73
 -69
-126
 -28
 105
 108
 -22
-125
 -74
  67
 126
  28
-104
-109
  20
 124
  74
 -67
-127
 -29
 103
 109
 -20
-125
 -76
  65
 126
  30
-103
-110
  18
 124
  76
 -65
-127
 -32
 102
 110
 -18
-124
 -78
  63
 126
  32
-102
-112
  16
 123
  78
 -63
-127
 -34
 101
 111
 -15
-123
 -80
  61
 127
  34
-100
-112
  13
 122
  79
 -61
-128
 -36
  99
 112
 -13
-123
 -81
  60
 127
  37
 -99
-113
  11
 122
  81
 -59
-128
 -39
  97
 113
 -11
-122
 -83
  58
 127
  39
 -98
-114
   9
 121
  82
 -57
-128
 -41
  96
 114
  -8
-121
 -85
  56
 127
  41
 -96
-116
   6
 120
  85
 -55
-128
 -43
  95
 115
  -7
-121
 -86
  54
 127
  43
 -95
-117
   4
 120
  86
 -54
-128
 -45
  93
 116
  -4
-120
 -88
  52
 127
  45
 -93
-117
   2
 119
  88
 -51
-128
 -46
  92
 117
  -2
-119
 -89
  49
 127
  47
 -92
-118
   0
 118
  89
 -49
-128
 -49
  91
 118
   0
-119
 -91
  48
 127
  49
 -90
-119
  -1
 117
  92
 -48
-128
 -50
  88
 119
   2
-118
 -93
  46
 127
  51
 -88
-120
  -4
 116
  93
 -46
-128
 -53
  87
 119
   4
-117
 -94
  43
 127
  53
 -87
-120
  -5
 116
  94
 -43
-128
 -54
  85
 120
   6
-116
 -95
  42
 127
  54
 -86
-121
  -7
 115
  95
 -42
-128
 -56
  84
 121
   7
-115
 -97
  40
 127
  56
 -84
-122
  -9
 114
  96
 -40
-128
 -58
  82
 121
   9
-114
 -98
  39
 127
  58
 -83
-122
 -11
 113
  98
 -38
-128
 -59
  81
 122
  11
-113
 -99
  37
 127
  60
 -81
-123
 -13
 112
  98
 -37
-128
 -61
  79
 122
  13
-113
-100
  35
 127
  61
 -80
-123
 -14
 112
 100
 -35
-127
 -62
  78
 123
  14
-112
-101
  33
 127
  63
 -78
-124
 -16
 111
 101
 -34
-127
 -64
  77
 123
  16
-111
-103
  31
 126
  64
 -77
-124
 -18
 110
 102
 -31
-127
 -65
  76
 124
  18
-110
-103
  30
 126
  65
 -76
-124
 -20
 109
 103
 -31
-127
 -67
  74
 124
  20
-110
-104
  29
 126
  67
 -75
-125
 -21
 108
 104
 -29
-127
 -68
  73
 124
  21
-109
-105
  28
 125
  68
 -73
-125
 -22
 108
 105
 -28
-126
 -69
  72
 125
  22
-108
-106
  25
 125
  69
 -72
-126
 -24
 107
 105
 -26
-126
 -71
  71
 125
  24
-107
-107
  25
 125
  70
 -71
-126
 -25
 106
 106
 -25
-126
 -72
  70
 125
  25
-107
-107
  23
 125
  71
 -70
-126
 -26
 105
 107
 -24
-125
 -73
  69
 125
  26
-105
-108
  21
 125
  73
 -69
-126
 -28
 105
 108
 -22
-125
 -73
  68
 126
  28
-105
-109
  21
 124
  73
 -68
-126
 -29
 104
 108
 -21
-125
 -75
  67
 126
  29
-104
-110
  20
 124
  74
 -67
-127
 -30
 103
 109
 -20
-124
 -75
  65
 126
  30
-104
-110
  18
 124
  75
 -65
-127
 -31
 103
 110
 -18
-124
 -76
  65
 126
  31
-103
-111
  17
 123
  76
 -65
-127
 -32
 102
 110
 -18
-124
 -78
  64
 126
  32
-103
-111
  16
 123
  77
 -63
-127
 -33
 101
 111
 -16
-124
 -78
  63
 126
  33
-101
-112
  14
 123
  78
 -63
-127
 -34
 100
 111
 -15
-123
 -79
  61
 127
  34
-101
-112
  14
 123
  79
 -62
-127
 -35
  99
 112
 -14
-123
 -80
  61
 127
  35
-100
-113
  12
 122
  80
 -61
-127
 -37
  99
 112
 -13
-123
 -81
  60
 127
  36
-100
-113
  12
 122
  80
 -60
-128
 -37
  98
 113
 -12
-123
 -81
  59
 127
  37
 -99
-113
  11
 122
  81
 -60
-128
 -37
  98
 113
 -12
-122
 -81
  58
 127
  37
 -99
-113
  11
 122
  81
 -59
-128
 -38
  97
 113
 -11
-122
 -82
  58
 127
  38
 -98
-114
  10
 121
  82
 -59
-128
 -39
  97
 113
 -11
-122
 -83
  57
 127
  39
 -98
-114
   9
 121
  82
 -58
-128
 -40
  97
 114
 -10
-122
 -83
  57
 127
  40
 -97
-114
   9
 121
  83
 -57
-128
 -40
  97
 114
  -9
-122
 -84
  56
 127
  40
 -97
-115
   8
 121
  83
 -57
-128
 -40
  96
 114
  -9
-122
 -84
  56
 127
  40
 -97
-115
   7
 121
  84
 -56
-128
 -41
  96
 114
  -8
-121
 -84
  56
 127
  40
 -97
-115
   7
 121
  84
 -56
-128
 -41
  95
 114
  -8
-121
 -84
  56
 127
  41
 -96
-115
   7
 121
  84
 -56
-128
 -42
  95
 114
  -7
-121
 -84
  55
 127
  41
 -96
-116
   7
 120
  84
 -56
-128
 -42
  95
 115
  -7
-121
 -85
  55
 127
  41
 -96
-116
   7
 120
  84
 -56
-128
 -43
  95
 115
  -7
-121
 -86
  55
 127
  42
 -96
-116
   7
 120
  85
 -56
-128
 -43
  95
 115
  -7
-121
 -85
  54
 127
  42
 -96
-116
   6
 120
  85
 -55
-128
 -43
  95
 115
  -7
-121
 -86
  54
 127
  42
 -95
-116
   5
 120
  85
 -55
-128
 -43
  95
 115
  -7
-121
 -86
  54
 127
  43
 -96
-116
   5
 120
  85
 -55
-128
 -43
  94
 115
  -6
-121
 -86
  54
 127
  43
 -95
-116
   5
 120
  85
 -54
-128
 -43
  94
 115
  -6
-120
 -87
  54
 127
  43
 -95
-116
   5
 120
  86
 -54
-128
 -43
  94
 115
  -5
-121
 -86
  54
 127
  43
 -95
-116
   5
 120
  85
 -54
-128
 -43
  94
 115
  -7
-121
 -86
  54
 127
  43
 -95
-116
   5
 120
  85
 -54
-128
 -43
  94
 115
  -6
-121
 -86
  54
 127
  42
 -95
-116
   5
 120
  85
 -54
-128
 -43
  94
 115
  -6
-121
 -86
  54
 127
  43
 -95
-116
   6
 120
  85
 -55
-128
 -43
  94
 115
  -7
-121
 -86
  54
 127
  43
 -95
-116
   5
 120
  85
 -54
-128
 -43
  95
 115
  -6
-121
 -86
  54
 127
  43
 -95
-116
   5
 120
  85
 -54
-128
 -43
  94
 115
  -6
-121
 -86
  54
 127
  42
 -96
-116
   5
 120
  85
 -55
-128
 -43
  94
 115
  -6
-121
 -86
  54
 127
  42
 -95
-116
   6
 120
  85
 -55
-128
 -43
  95
 115
  -7
-121
 -86
  54
 127
  42
 -96
-116
   6
 120
  85
 -55
-128
 -43
  95
 115
  -7
-121
 -86
  54
 127
  42
 -96
-116
   6
 120
  85
 -55
-128
 -43
  94
 115
  -7
-121
 -86
  54
 127
  42
 -96
-116
   6
 120
  85
 -55
-128
 -43
  95
 115
  -7
-121
 -86
  55
 127
  42
 -96
-116
   7
 120
  85
 -55
-128
 -43
  95
 115
  -7
-121
 -85
  56
 127
  41
 -96
-116
   7
 120
  84
 -56
-128
 -42
  95
 115
  -8
-121
 -85
  55
 127
  41
 -97
-115
   7
 120
  84
 -56
-128
 -42
  95
 114
  -8
-121
 -84
  56
 127
  40
 -97
-115
   7
 121
  84
 -57
-128
 -41
  96
 114
  -9
-121
 -84
  56
 127
  40
 -97
-115
   8
 121
  83
 -56
-128
 -40
  96
 114
  -9
-122
 -84
  56
 127
  40
 -97
-115
   8
 121
  83
 -57
-128
 -40
  97
 114
 -10
-122
 -83
  56
 127
  39
 -97
-114
   9
 121
  82
 -58
-128
 -40
  97
 114
 -11
-122
 -83
  57
 127
  39
 -98
-114
  10
 121
  82
 -59
-128
 -39
  97
 113
 -11
-122
 -83
  58
 127
  38
 -98
-114
  11
 121
  81
 -59
-128
 -38
  98
 113
 -11
-122
 -81
  58
 127
  37
 -99
-114
  11
 122
  81
 -59
-128
 -37
  98
 113
 -12
-123
 -81
  59
 127
  37
 -99
-113
  11
 122
  81
 -60
-128
 -37
  98
 113
 -12
-123
 -81
  60
 127
  37
-100
-113
  12
 122
  79
 -61
-128
 -37
  99
 112
 -13
-123
 -80
  61
 127
  35
-100
-113
  13
 123
  79
 -61
-127
 -36
 100
 112
 -14
-123
 -80
  61
 127
  34
-101
-112
  14
 123
  79
 -63
-127
 -35
 100
 112
 -14
-123
 -79
  62
 127
  34
-101
-112
  14
 123
  78
 -63
-127
 -34
 100
 111
 -15
-124
 -79
  62
 126
  34
-102
-112
  15
 123
  78
 -63
-127
 -34
 101
 111
 -16
-124
 -78
  63
 126
  32
-102
-111
  16
 123
  78
 -64
-127
 -33
 101
 110
 -18
-124
 -78
  63
 126
  31
-102
-111
  16
 123
  76
 -65
-127
 -32
 102
 110
 -18
-124
 -77
  64
 126
  31
-103
-111
  18
 123
  76
 -65
-127
 -31
 102
 110
 -18
-124
 -76
  65
 126
  31
-103
-110
  18
 124
  76
 -65
-127
 -31
 102
 110
 -19
-124
 -76
  65
 126
  31
-103
-110
  18
 124
  75
 -66
-127
 -31
 103
 109
 -20
-125
 -75
  65
 126
  29
-104
-110
  19
 124
  74
 -67
-127
 -29
 103
 109
 -20
-125
 -75
  67
 126
  29
-104
-109
  20
 124
  74
 -67
-127
 -28
 104
 108
 -21
-125
 -74
  67
 126
  28
-105
-109
  21
 124
  73
 -69
-126
 -28
 104
 108
 -21
-125
 -74
  68
 125
  27
-105
-108
  21
 124
  73
 -69
-126
 -28
 105
 107
 -22
-125
 -73
  68
 125
  26
-106
-108
  22
 125
  72
 -70
-126
 -27
 105
 107
 -24
-125
 -73
  69
 125
  25
-106
-107
  23
 125
  71
 -70
-126
 -25
 105
 106
 -24
-126
 -71
  69
 125
  25
-107
-107
  24
 125
  70
 -71
-126
 -25
 106
 106
 -25
-126
 -71
  71
 125
  24
-107
-107
  25
 125
  70
 -71
-126
 -25
 106
 106
 -26
-126
 -71
  71
 125
  23
-107
-107
  25
 125
  69
 -72
-126
 -23
 107
 105
 -27
-126
 -69
  72
 125
  22
-108
-106
  27
 125
  69
 -73
-125
 -22
 108
 105
 -28
-126
 -69
  73
 124
  21
-109
-105
  27
 125
  68
 -74
-125
 -21
 108
 104
 -28
-126
 -68
  73
 124
  21
-109
-104
  28
 126
  67
 -75
-125
 -21
 108
 103
 -29
-127
 -67
  74
 124
  19
-110
-104
  29
 126
  66
 -75
-125
 -20
 109
 103
 -30
-127
 -66
  74
 124
  18
-110
-103
  30
 126
  65
 -76
-124
 -18
 110
 102
 -31
-127
 -65
  75
 124
  18
-110
-103
  31
 126
  64
 -76
-124
 -18
 110
 102
 -32
-127
 -65
  76
 123
  17
-111
-103
  31
 126
  64
 -77
-124
 -17
 110
 101
 -33
-127
 -64
  77
 123
  16
-112
-102
  33
 126
  63
 -78
-124
 -16
 111
 101
 -34
-127
 -63
  78
 123
  15
-112
-101
  34
 126
  62
 -79
-123
 -15
 112
 100
 -35
-127
 -63
  78
 123
  14
-112
-101
  34
 127
  61
 -80
-123
 -14
 112
 100
 -36
-127
 -61
  79
 123
  13
-113
-100
  35
 127
  60
 -80
-123
 -13
 112
  99
 -37
-127
 -61
  80
 122
  12
-113
-100
  36
 127
  59
 -81
-123
 -12
 113
  98
 -37
-128
 -60
  81
 122
  11
-113
 -99
  37
 127
  59
 -82
-122
 -11
 113
  98
 -38
-128
 -59
  81
 122
  11
-114
 -99
  38
 127
  58
 -82
-122
 -11
 113
  97
 -39
-128
 -59
  82
 121
   9
-114
 -98
  38
 127
  57
 -83
-122
 -10
 114
  97
 -40
-128
 -58
  82
 121
   8
-114
 -98
  39
 127
  57
 -83
-122
  -9
 114
  96
 -40
-128
 -57
  83
 121
   8
-115
 -97
  40
 127
  56
 -84
-121
  -8
 114
  96
 -41
-128
 -56
  84
 121
   7
-116
 -97
  40
 127
  55
 -84
-121
  -7
 115
  95
 -42
-128
 -56
  84
 120
   6
-116
 -96
  42
 127
  54
 -85
-121
  -7
 115
  95
 -43
-128
 -55
  85
 120
   6
-116
 -96
  42
 127
  54
 -86
-121
  -6
 115
  94
 -43
-128
 -54
  85
 120
   5
-117
 -95
  43
 127
  53
 -87
-121
  -5
 116
  94
 -44
-128
 -54
  87
 120
   4
-117
 -95
  43
 127
  53
 -87
-120
  -4
 116
  93
 -45
-128
 -53
  87
 119
   4
-117
 -94
  44
 127
  51
 -88
-120
  -4
 116
  93
 -46
-128
 -52
  87
 119
   3
-117
 -93
  45
 127
  51
 -88
-120
  -4
 117
  92
 -46
-128
 -51
  88
 119
   2
-117
 -92
  46
 127
  50
 -89
-120
  -3
 117
  92
 -46
-128
 -51
  88
 119
   0
-118
 -92
  46
 127
  50
 -89
-119
  -1
 117
  91
 -48
-128
 -50
  89
 118
   0
-118
 -92
  48
 127
  49
 -90
-119
  -1
 117
  91
 -49
-128
 -49
  89
 118
   0
-118
 -91
  48
 127
  49
 -90
-119
   0
 118
  89
 -49
-128
 -49
  91
 118
   0
-119
 -90
  49
 127
  48
 -92
-118
   0
 118
  89
 -49
-128
 -48
  91
 117
  -1
-119
 -90
  49
 127
  47
 -92
-118
   0
 118
  89
 -50
-128
 -48
  92
 117
  -1
-119
 -89
  49
 127
  46
 -92
-118
   1
 119
  88
 -51
-128
 -47
  92
 117
  -3
-119
 -89
  51
 127
  46
 -93
-117
   1
 119
  88
 -51
-128
 -46
  92
 117
  -3
-120
 -88
  51
 127
  46
 -93
-117
   3
 119
  87
 -51
-128
 -46
  93
 116
  -4
-120
 -88
  51
 127
  45
 -93
-117
   4
 119
  87
 -52
-128
 -45
  93
 116
  -4
-120
 -87
  52
 127
  44
 -94
-117
   4
 119
  87
 -54
-128
 -44
  93
 116
  -5
-120
 -87
  53
 127
  44
 -95
-117
   4
 120
  87
 -54
-128
 -44
  94
 115
  -5
-120
 -87
  54
 127
  43
 -95
-116
   5
 120
  85
 -54
-128
 -44
  94
 115
  -6
-121
 -86
  54
 127
  42
 -95
-116
   5
 120
  85
 -55
-128
 -43
  94
 115
  -6
-121
 -86
  54
 127
  42
 -96
-116
   6
 120
  85
 -55
-128
 -42
  95
 115
  -7
-121
 -85
  55
 127
  42
 -96
-116
   7
 120
  84
 -56
-128
 -42
  95
 115
  -7
-121
 -85
  56
 127
  41
 -96
-116
   7
 121
  84
 -56
-128
 -41
  96
 115
  -7
-121
 -84
  55
 127
  40
 -97
-115
   7
 121
  84
 -56
-128
 -41
  96
 114
  -8
-121
 -84
  56
 127
  40
 -97
-115
   7
 121
  83
 -57
-128
 -40
  96
 114
  -9
-122
 -84
  56
 127
  40
 -97
-115
   8
 121
  83
 -57
-128
 -40
  97
 114
  -9
-122
 -84
  57
 127
  39
 -97
-114
   9
 121
  82
 -58
-128
 -40
  97
 114
 -10
-122
 -83
  57
 127
  39
 -98
-114
   9
 121
  82
 -58
-128
 -40
  97
 113
 -10
-122
 -83
  58
 127
  39
 -98
-114
  10
 121
  82
 -59
-128
 -40
  97
 113
 -11
-122
 -83
  58
 127
  38
 -98
-114
  10
 121
  82
 -59
-128
 -39
  97
 113
 -11
-122
 -83
  58
 127
  38
 -99
-114
  10
 122
  82
 -59
-128
 -39
  97
 113
 -11
-122
 -82
  58
 127
  38
 -99
-114
  11
 122
  81
 -59
-128
 -38
  98
 113
 -11
-123
 -82
  59
 127
  37
 -99
-114
  11
 122
  81
 -60
-128
 -38
  98
 113
 -12
-122
 -81
  58
 127
  37
 -99
-113
  11
 122
  81
 -60
-128
 -37
  98
 113
 -12
-123
 -81
  59
 127
  37
 -99
-113
  11
 122
  81
 -60
-128
 -37
  98
 113
 -12
-123
 -81
  59
 127
  37
-100
-113
  12
 122
  81
 -60
-128
 -37
  99
 113
 -12
-123
 -81
  60
 127
  37
-100
-113
  12
 122
  81
 -61
-128
 -37
  98
 112
 -13
-123
 -81
  60
 127
  36
-100
-113
  12
 122
  80
 -61
-128
 -37
  99
 112
 -14
-123
 -81
  61
 127
  35
-100
-113
  12
 122
  80
 -61
-127
 -37
  99
 112
 -13
-123
 -80
  60
 127
  36
-100
-113
  13
 122
  79
 -61
-127
 -36
  99
 112
 -14
-123
 -80
  61
 127
  35
-100
-113
  13
 122
  80
 -61
-127
 -36
  99
 112
 -14
-123
 -80
  61
 127
  35
-100
-113
  13
 122
  79
 -61
-127
 -36
  99
 112
 -14
-123
 -80
  61
 127
  35
-100
-113
  14
 122
  79
 -61
-127
 -36
  99
 112
 -14
-123
 -80
  61
 127
  35
-101
-113
  13
 122
  79
 -61
-127
 -35
  99
 112
 -14
-123
 -80
  61
 127
  35
-100
-112
  13
 123
  79
 -61
-127
 -36
 100
 112
 -14
-123
 -80
  61
 127
  34
-101
-112
  13
 123
  79
 -62
-127
 -35
 100
 112
 -14
-123
 -80
  61
 127
  34
-101
-112
  14
 123
  79
 -62
-127
 -35
 100
 112
 -14
-123
 -80
  61
 127
  34
-101
-112
  14
 123
  79
 -62
-127
 -35
 100
 112
 -14
-123
 -80
  61
 127
  34
-101
-112
  14
 123
  79
 -62
-127
 -35
 100
 112
 -14
-123
 -80
  61
 127
  34
-101
-112
  14
 123
  79
 -62
-127
 -35
 100
 112
 -15
-123
 -79
  61
 127
  34
-101
-112
  14
 123
  79
 -62
-127
 -35
 100
 112
 -15
-123
 -80
  61
 127
  34
-101
-112
  14
 123
  78
 -62
-127
 -35
 100
 112
 -14
-123
 -80
  62
 127
  34
-101
-112
  14
 123
  79
 -62
-127
 -35
 100
 111
 -14
-123
 -79
  61
 127
  34
-101
-112
  14
 123
  78
 -62
-127
 -35
 100
 111
 -14
-123
 -80
  62
 127
  34
-101
-112
  14
 123
  79
 -62
-127
 -34
 100
 112
 -15
-123
 -80
  61
 127
  34
-101
-112
  14
 123
  79
 -62
-127
 -34
 100
 112
 -14
-123
 -79
  61
 127
  34
-101
-112
  14
 123
  78
 -62
-127
 -35
 100
 112
 -15
-123
 -79
  61
 127
  34
-101
-112
  14
 123
  79
 -62
-127
 -35
 100
 111
 -15
-123
 -80
  61
 127
  34
-101
-112
  14
 123
  79
 -62
-127
 -35
 100
 112
 -14
-123
 -80
  62
 127
  34
-101
-112
  14
 123
  79
 -62
-127
 -35
 100
 111
 -14
-123
 -79
  61
 127
  34
-101
-112
  14
 123
  79
 -63
-127
 -34
 100
 112
 -14
-123
 -79
  61
 127
  34
-101
-112
  14
 123
  79
 -62
-127
 -35
 100
 112
 -14
-123
 -79
  61
 127
  34
-101
-112
  14
 123
  79
 -62
-127
 -35
 100
 112
 -14
-123
 -80
  61
 127
  34
-101
-112
  14
 123
  79
 -62
-127
 -35
 100
 112
 -14
-123
 -80
  61
 127
  34
-101
-112
  13
 123
  79
 -62
-127
 -36
 100
 112
 -14
-123
 -80
  61
 127
  34
-100
-112
  14
 123
  79
 -62
-127
 -35
 100
 112
 -14
-123
 -80
  61
 127
  35
-101
-112
  13
 123
  79
 -61
-127
 -36
  99
 112
 -14
-123
 -80
  61
 127
  35
-100
-112
  14
 123
  79
 -61
-127
 -35
  99
 112
 -14
-123
 -80
  61
 127
  35
-100
-113
  13
 122
  79
 -61
-127
 -36
  99
 112
 -14
-123
 -80
  61
 127
  35
-100
-113
  13
 122
  79
 -61
-127
 -36
  99
 112
 -14
-123
 -81
  61
 127
  36
-100
-113
  12
 122
  79
 -61
-128
 -37
  99
 112
 -13
-123
 -80
  61
 127
  36
-100
-113
  12
 122
  79
 -61
-128
 -37
  99
 112
 -13
-123
 -81
  60
 127
  36
-100
-113
  12
 122
  80
 -61
-128
 -37
  99
 112
 -13
-123
 -81
  60
 127
  37
-100
-113
  12
 122
  81
 -61
-128
 -37
  98
 112
 -12
-123
 -81
  60
 127
  37
-100
-113
  11
 122
  80
 -61
-128
 -37
  98
 113
 -12
-123
 -81
  59
 127
  37
 -99
-113
  11
 122
  80
 -60
-128
 -37
  98
 113
 -12
-122
 -81
  59
 127
  37
 -99
-114
  11
 122
  81
 -60
-128
 -38
  98
 113
 -12
-123
 -81
  58
 127
  37
 -99
-114
  11
 122
  81
 -60
-128
 -38
  98
 113
 -11
-123
 -82
  58
 127
  37
 -99
-114
  11
 122
  81
 -59
-128
 -38
  97
 113
 -11
-122
 -82
  58
 127
  37
 -98
-114
  11
 121
  81
 -59
-128
 -39
  98
 113
 -11
-122
 -82
  58
 127
  38
 -98
-114
  10
 121
  82
 -59
-128
 -39
  97
 113
 -11
-122
 -83
  58
 127
  38
 -98
-114
  10
 121
  82
 -59
-128
 -40
  97
 114
 -11
-122
 -83
  58
 127
  38
 -98
-114
   9
 121
  82
 -59
-128
 -39
  97
 114
 -11
-122
 -83
  57
 127
  39
 -98
-114
   9
 121
  82
 -58
-128
 -40
  97
 114
 -10
-122
 -83
  56
 127
  39
 -98
-114
   9
 121
  82
 -57
-128
 -40
  97
 114
 -10
-122
 -84
  56
 127
  39
 -98
-114
   9
 121
  83
 -57
-128
 -40
  97
 114
  -9
-122
 -84
  56
 127
  40
 -97
-115
   8
 121
  83
 -57
-128
 -40
  96
 114
  -9
-122
 -84
  56
 127
  40
 -97
-115
   7
 121
  84
 -56
-128
 -41
  96
 114
  -8
-122
 -84
  56
 127
  40
 -97
-115
   7
 121
  84
 -56
-128
 -41
  96
 114
  -8
-121
 -84
  56
 127
  40
 -97
-115
   7
 121
  84
 -56
-128
 -41
  95
 114
  -7
-121
 -84
  56
 127
  40
 -97
-115
   7
 120
  84
 -56
-128
 -41
  96
 115
  -7
-121
 -85
  55
 127
  41
 -96
-116
   7
 120
  84
 -56
-128
 -42
  95
 115
  -7
-121
 -85
  55
 127
  41
 -96
-116
   7
 120
  84
 -55
-128
 -42
  95
 115
  -7
-121
 -86
  54
 127
  42
 -96
-116
   6
 120
  85
 -55
-128
 -43
  95
 115
  -7
-121
 -86
  54
 127
  42
 -96
-116
   6
 120
  85
 -55
-128
 -43
  94
 115
  -7
-121
 -86
  54
 127
  42
 -95
-116
   6
 120
  85
 -55
-128
 -43
  94
 115
  -6
-121
 -86
  54
 127
  43
 -95
-116
   6
 120
  85
 -54
-128
 -43
  94
 115
  -6
-121
 -86
  54
 127
  43
 -95
-116
   4
 120
  85
 -54
-128
 -44
  94
 116
  -6
-120
 -87
  54
 127
  43
 -95
-117
   4
 120
  86
 -54
-128
 -44
  94
 116
  -5
-120
 -87
  53
 127
  43
 -95
-117
   4
 120
  86
 -54
-128
 -44
  94
 116
  -5
-120
 -87
  52
 127
  43
 -95
-117
   4
 119
  87
 -53
-128
 -44
  94
 116
  -5
-120
 -87
  52
 127
  44
 -94
-117
   4
 119
  87
 -53
-128
 -45
  93
 116
  -4
-120
 -87
  52
 127
  44
 -94
-117
   3
 119
  87
 -53
-128
 -45
  93
 116
  -4
-120
 -88
  51
 127
  44
 -94
-117
   3
 119
  87
 -52
-128
 -45
  93
 116
  -4
-120
 -88
  51
 127
  45
 -93
-117
   3
 119
  87
 -52
-128
 -46
  93
 116
  -3
-120
 -88
  51
 127
  45
 -93
-117
   3
 119
  88
 -51
-128
 -46
  93
 116
  -4
-120
 -88
  51
 127
  45
 -93
-117
   2
 119
  88
 -51
-128
 -46
  92
 116
  -3
-120
 -88
  51
 127
  46
 -93
-117
   2
 119
  88
 -51
-128
 -46
  92
 117
  -3
-120
 -89
  51
 127
  46
 -92
-117
   1
 119
  88
 -51
-128
 -46
  92
 117
  -3
-119
 -88
  50
 127
  46
 -93
-118
   2
 119
  88
 -51
-128
 -47
  92
 117
  -2
-119
 -89
  50
 127
  46
 -92
-118
   0
 119
  88
 -51
-128
 -48
  92
 117
  -2
-119
 -89
  49
 127
  47
 -92
-118
   0
 119
  89
 -50
-128
 -47
  91
 117
  -1
-119
 -90
  49
 127
  47
 -92
-118
   0
 119
  89
 -50
-128
 -47
  91
 117
  -1
-119
 -90
  49
 127
  47
 -92
-118
   0
 118
  89
 -50
-128
 -48
  91
 117
  -1
-119
 -90
  49
 127
  48
 -91
-118
   0
 118
  89
 -50
-128
 -49
  91
 117
   0
-119
 -90
  49
 127
  48
 -91
-118
   0
 118
  89
 -49
-128
 -49
  91
 118
   0
-119
 -90
  49
 127
  48
 -91
-118
   0
 118
  89
 -49
-128
 -49
  91
 118
   0
-118
 -90
  48
 127
  49
 -91
-118
   0
 118
  89
 -49
-128
 -49
  89
 118
   0
-119
 -91
  48
 127
  49
 -90
-119
   0
 118
  91
 -49
-128
 -49
  89
 118
   0
-118
 -91
  48
 127
  49
 -90
-119
   0
 118
  91
 -49
-128
 -49
  89
 118
   0
-118
 -91
  47
 127
  49
 -90
-119
  -1
 118
  91
 -49
-128
 -49
  89
 118
   0
-118
 -91
  48
 127
  49
 -90
-119
  -1
 118
  91
 -49
-128
 -50
  89
 118
   0
-118
 -92
  47
 127
  49
 -90
-119
  -1
 117
  91
 -48
-128
 -50
  89
 118
   0
-118
 -92
  47
 127
  49
 -89
-119
  -1
 117
  91
 -47
-128
 -51
  89
 118
   1
-118
 -92
  46
 127
  49
 -90
-119
  -2
 117
  92
 -48
-128
 -50
  88
 119
   0
-118
 -92
  46
 127
  50
 -89
-119
  -1
 117
  92
 -47
-128
 -50
  88
 119
   0
-118
 -92
  47
 127
  50
 -89
-119
  -2
 117
  92
 -47
-128
 -51
  88
 119
   1
-117
 -92
  46
 127
  50
 -89
-119
  -2
 117
  92
 -47
-128
 -51
  88
 119
   1
-117
 -92
  46
 127
  50
 -89
-119
  -3
 117
  92
 -46
-128
 -51
  88
 119
   1
-117
 -93
  46
 127
  50
 -88
-119
  -3
 117
  92
 -46
-128
 -51
  88
 119
   2
-118
 -93
  46
 127
  50
 -88
-120
  -3
 117
  92
 -46
-128
 -51
  88
 119
   2
-117
 -93
  46
 127
  51
 -88
-120
  -3
 117
  92
 -46
-128
 -51
  88
 119
   2
-117
 -93
  45
 127
  51
 -88
-120
  -3
 116
  92
 -46
-128
 -51
  87
 119
   3
-117
 -93
  45
 127
  51
 -88
-120
  -4
 117
  92
 -46
-128
 -51
  88
 119
   3
-117
 -93
  45
 127
  51
 -88
-120
  -4
 116
  93
 -46
-128
 -52
  87
 119
   2
-117
 -93
  45
 127
  51
 -88
-120
  -3
 116
  93
 -46
-128
 -52
  88
 119
   3
-117
 -93
  45
 127
  51
 -88
-120
  -4
 116
  93
 -46
-128
 -52
  87
 119
   3
-117
 -93
  45
 127
  51
 -88
-120
  -4
 116
  93
 -46
-128
 -52
  87
 119
   3
-117
 -93
  45
 127
  51
 -87
-120
  -4
 116
  93
 -46
-128
 -53
  87
 119
   3
-117
 -93
  44
 127
  51
 -88
-120
  -4
 116
  93
 -45
-128
 -52
  87
 119
   4
-117
 -94
  45
 127
  52
 -87
-120
  -4
 116
  93
 -45
-128
 -52
  87
 119
   4
-117
 -93
  44
 127
  51
 -88
-120
  -4
 116
  93
 -45
-128
 -53
  87
 119
   4
-117
 -94
  44
 127
  51
 -87
-120
  -4
 116
  93
 -45
-128
 -53
  87
 119
   4
-117
 -94
  44
 127
  52
 -87
-120
  -4
 116
  93
 -45
-128
 -53
  87
 119
   4
-117
 -94
  44
 127
  52
 -87
-120
  -4
 116
  93
 -45
-128
 -53
  87
 119
   4
-117
 -94
  43
 127
  52
 -87
-120
  -4
 116
  93
 -44
-128
 -53
  87
 119
   4
-117
 -94
  44
 127
  53
 -87
-120
  -4
 116
  93
 -45
-128
 -53
  87
 119
   4
-117
 -95
  44
 127
  52
 -87
-120
  -4
 116
  93
 -44
-128
 -53
  86
 119
   4
-117
 -94
  44
 127
  52
 -87
-120
  -5
 116
  93
 -44
-128
 -53
  86
 119
   4
-117
 -95
  43
 127
  52
 -87
-120
  -5
 116
  93
 -45
-128
 -53
  86
 120
   4
-117
 -95
  44
 127
  53
 -87
-120
  -5
 116
  93
 -44
-128
 -54
  87
 119
   4
-117
 -95
  43
 127
  53
 -87
-120
  -5
 116
  93
 -44
-128
 -54
  86
 120
   4
-117
 -95
  44
 127
  53
 -87
-120
  -4
 116
  93
 -44
-128
 -54
  86
 120
   4
-117
 -95
  43
 127
  53
 -87
-120
  -5
 116
  94
 -44
-128
 -54
  86
 120
   4
-117
 -95
  43
 127
  53
 -87
-120
  -5
 116
  94
 -44
-128
 -54
  86
 120
   4
-117
 -95
  43
 127
  53
 -87
-120
  -5
 116
  94
 -44
-128
 -54
  86
 120
   4
-117
 -95
  43
 127
  53
 -87
-120
  -5
 116
  94
 -44
-128
 -54
  86
 120
   5
-117
 -95
  43
 127
  53
 -87
-121
  -5
 116
  94
 -44
-128
 -54
  86
 120
   4
-116
 -95
  43
 127
  53
 -87
-120
  -5
 116
  94
 -43
-128
 -54
  86
 120
   4
-117
 -95
  43
 127
  54
 -87
-120
  -5
 116
  94
 -44
-128
 -54
  86
 120
   4
-116
 -95
  43
 127
  53
 -86
-120
  -5
 115
  94
 -44
-128
 -54
  86
 120
   4
-117
 -95
  43
 127
  53
 -87
-120
  -5
 116
  94
 -44
-128
 -54
  86
 120
   4
-116
 -95
  43
 127
  53
 -87
-120
  -6
 116
  94
 -44
-128
 -54
  86
 120
   5
-117
 -95
  43
 127
  53
 -86
-120
  -5
 116
  94
 -44
-128
 -54
  86
 120
   5
-117
 -95
  43
 127
  53
 -87
-120
  -5
 115
  94
 -44
-128
 -54
  85
 120
   4
-117
 -95
  43
 127
  54
 -87
-120
  -6
 116
  94
 -44
-128
 -54
  86
 120
   4
-117
 -95
  43
 127
  54
 -87
-120
  -6
 116
  94
 -44
-128
 -54
  86
 120
   5
-117
 -95
  43
 127
  53
 -87
-121
  -5
 116
  94
 -43
-128
 -54
  86
 120
   5
-117
 -95
  43
 127
  53
 -86
-120
  -5
 116
  94
 -44
-128
 -54
  86
 120
   4
-116
 -95
  43
 127
  53
 -87
-120
  -5
 116
  94
 -43
-128
 -54
  86
 120
   4
-117
 -95
  43
 127
  53
 -87
-120
  -5
 116
  94
 -44
-128
 -54
  86
 120
   4
-117
 -95
  43
 127
  53
 -87
-120
  -5
 116
  94
 -44
-128
 -54
  86
 120
   4
-117
 -95
  43
 127
  52
 -87
-120
  -5
 116
  94
 -44
-128
 -54
  86
 120
   4
-117
 -94
  43
 127
  53
 -87
-120
  -5
 116
  93
 -44
-128
 -54
  86
 120
   4
-117
 -95
  43
 127
  52
 -87
-120
  -4
 116
  94
 -44
-128
 -54
  86
 120
   4
-117
 -95
  43
 127
  53
 -87
-120
  -5
 116
  94
 -44
-128
 -54
  87
 120
   4
-117
 -94
  43
 127
  53
 -87
-120
  -4
 116
  93
 -44
-128
 -54
  87
 119
   4
-117
 -95
  43
 127
  52
 -87
-120
  -4
 116
  94
 -44
-128
 -53
  86
 119
   4
-117
 -95
  43
 127
  52
 -87
-120
  -4
 116
  94
 -45
-128
 -53
  86
 120
   4
-117
 -94
  43
 127
  52
 -87
-120
  -5
 116
  94
 -45
-128
 -53
  86
 119
   4
-117
 -94
  44
 127
  53
 -87
-120
  -4
 116
  93
 -44
-128
 -53
  87
 119
   4
-117
 -95
  44
 127
  52
 -87
-120
  -4
 116
  93
 -45
-128
 -53
  87
 119
   4
-117
 -95
  44
 127
  52
 -87
-120
  -4
 116
  93
 -45
-128
 -53
  87
 119
   4
-117
 -94
  44
 127
  53
 -87
-120
  -4
 116
  93
 -45
-128
 -53
  87
 119
   4
-117
 -94
  44
 127
  52
 -87
-120
  -4
 116
  93
 -45
-128
 -53
  87
 119
   4
-117
 -94
  44
 127
  52
 -87
-120
  -4
 116
  93
 -45
-128
 -53
  87
 119
   3
-117
 -94
  44
 127
  52
 -87
-120
  -4
 116
  93
 -45
-128
 -53
  87
 119
   4
-117
 -93
  44
 127
  51
 -87
-120
  -4
 116
  93
 -45
-128
 -52
  87
 119
   3
-117
 -94
  45
 127
  52
 -88
-120
  -4
 116
  93
 -45
-128
 -53
  87
 119
   3
-117
 -94
  44
 127
  51
 -87
-120
  -4
 116
  93
 -46
-128
 -53
  87
 119
   4
-117
 -94
  45
 127
  51
 -88
-120
  -4
 116
  93
 -46
-128
 -52
  87
 119
   3
-117
 -93
  44
 127
  51
 -87
-120
  -4
 116
  93
 -46
-128
 -52
  87
 119
   3
-117
 -93
  45
 127
  51
 -88
-120
  -4
 116
  93
 -46
-128
 -52
  87
 119
   3
-117
 -93
  45
 127
  51
 -87
-120
  -4
 116
  93
 -46
-128
 -52
  87
 119
   3
-117
 -93
  45
 127
  51
 -88
-120
  -3
 116
  93
 -46
-128
 -51
  87
 119
   3
-117
 -93
  45
 127
  51
 -88
-120
  -4
 116
  93
 -46
-128
 -52
  87
 119
   3
-117
 -93
  46
 127
  51
 -88
-120
  -4
 117
  92
 -46
-128
 -52
  87
 119
   2
-117
 -93
  45
 127
  51
 -88
-120
  -4
 117
  92
 -46
-128
 -51
  87
 119
   3
-117
 -93
  46
 127
  51
 -88
-120
  -3
 117
  93
 -46
-128
 -52
  88
 119
   2
-117
 -93
  46
 127
  51
 -88
-120
  -3
 117
  93
 -46
-128
 -52
  88
 119
   2
-117
 -93
  46
 127
  51
 -88
-120
  -3
 116
  92
 -46
-128
 -51
  88
 119
   2
-117
 -93
  46
 127
  51
 -88
-120
  -3
 117
  92
 -46
-128
 -51
  88
 119
   2
-117
 -93
  46
 127
  51
 -88
-120
  -2
 117
  92
 -46
-128
 -51
  88
 119
   2
-117
 -93
  46
 127
  51
 -88
-120
  -3
 117
  92
 -46
-128
 -51
  88
 119
   2
-117
 -93
  46
 127
  51
 -88
-119
  -2
 117
  92
 -47
-128
 -51
  88
 119
   1
-118
 -92
  46
 127
  51
 -88
-120
  -2
 117
  92
 -47
-128
 -51
  88
 119
   2
-118
 -93
  46
 127
  50
 -89
-119
  -2
 117
  92
 -47
-128
 -51
  88
 119
   1
-118
 -92
  46
 127
  51
 -89
-119
  -2
 117
  92
 -47
-128
 -51
  88
 119
   1
-118
 -92
  46
 127
  50
 -88
-119
  -2
 117
  92
 -47
-128
 -51
  88
 119
   1
-118
 -92
  46
 127
  50
 -89
-119
  -2
 117
  92
 -47
-128
 -51
  88
 119
   1
-118
 -92
  46
 127
  49
 -89
-119
  -2
 117
  91
 -47
-128
 -50
  88
 119
   1
-118
 -92
  47
 127
  50
 -89
-119
  -1
 117
  91
 -47
-128
 -51
  88
 119
   0
-118
 -92
  46
 127
  50
 -90
-119
  -1
 117
  91
 -47
-128
 -50
  88
 118
   0
-118
 -92
  46
 127
  49
 -90
-119
  -2
 117
  92
 -48
-128
 -50
  89
 118
   0
-118
 -92
  47
 127
  49
 -89
-119
  -1
 117
  92
 -48
-128
 -51
  89
 118
   1
-118
 -92
  46
 127
  50
 -90
-119
  -1
 117
  91
 -48
-128
 -50
  88
 118
   1
-118
 -92
  47
 127
  49
 -90
-119
  -1
 117
  92
 -48
-128
 -50
  89
 118
   0
-118
 -92
  47
 127
  49
 -90
-119
  -1
 117
  91
 -48
-128
 -50
  89
 118
   0
-118
 -92
  47
 127
  49
 -90
-119
  -1
 117
  91
 -48
-128
 -50
  89
 118
   0
-118
 -91
  47
 127
  49
 -90
-119
  -1
 117
  91
 -48
-128
 -50
  89
 118
   0
-118
 -92
  48
 127
  49
 -90
-119
  -1
 118
  91
 -49
-128
 -49
  89
 118
   0
-118
 -92
  48
 127
  49
 -90
-119
   0
 118
  91
 -48
-128
 -49
  89
 118
   0
-118
 -92
  47
 127
  49
 -90
-119
  -1
 118
  91
 -49
-128
 -49
  89
 118
   0
-118
 -92
  48
 127
  49
 -90
-119
   0
 117
  91
 -49
-128
 -49
  89
 118
   0
-118
 -91
  48
 127
  49
 -90
-119
   0
 118
  91
 -49
-128
 -49
  89
 118
   0
-118
 -91
  48
 127
  49
 -90
-119
   0
 118
  91
 -49
-128
 -49
  89
 118
   0
-118
 -91
  48
 127
  49
 -90
-119
   0
 118
  91
 -49
-128
 -49
  89
 118
   0
-118
 -91
  48
 127
  49
 -90
-118
   0
 118
  91
 -49
-128
 -49
  89
 118
   0
-118
 -91
  48
 127
  49
 -91
-118
   0
 118
  91
 -49
-128
 -49
  89
 118
   0
-118
 -90
  49
 127
  49
 -91
-118
   0
 118
  91
 -49
-128
 -49
  89
 118
   0
-119
 -90
  48
 127
  48
 -91
-119
   0
 118
  91
 -49
-128
 -49
  91
 118
   0
-119
 -91
  48
 127
  48
 -91
-118
   0
 118
  89
 -49
-128
 -49
  91
 118
   0
-119
 -90
  49
 127
  48
 -91
-118
   0
 118
  91
 -49
-128
 -49
  91
 118
   0
-119
 -90
  49
 127
  48
 -91
-118
   0
 118
  89
 -49
-128
 -49
  91
 118
   0
-119
 -90
  49
 127
  48
 -91
-118
   0
 118
  89
 -49
-128
 -49
  91
 118
   0
-119
 -90
  49
 127
  48
 -91
-118
   0
 118
  89
 -49
-128
 -48
  91
 118
   0
-119
 -90
  49
 127
  47
 -91
-118
   0
 118
  89
 -49
-128
 -49
  91
 117
   0
-119
 -90
  49
 127
  48
 -92
-118
   0
 118
  89
 -49
-128
 -48
  91
 118
   0
-119
 -90
  49
 127
  47
 -91
-118
   0
 118
  89
 -49
-128
 -49
  91
 117
   0
-119
 -90
  49
 127
  47
 -91
-118
   0
 118
  89
 -50
-128
 -48
  91
 118
   0
-119
 -90
  49
 127
  48
 -91
-118
   0
 118
  89
 -50
-128
 -48
  91
 118
  -1
-119
 -90
  49
 127
  47
 -92
-118
   0
 118
  89
 -50
-128
 -48
  91
 117
   0
-119
 -90
  49
 127
  47
 -91
-118
   0
 118
  89
 -50
-128
 -49
  91
 118
   0
-119
 -90
  49
 127
  47
 -91
-118
   0
 118
  89
 -49
-128
 -48
  91
 117
   0
-119
 -90
  49
 127
  48
 -92
-118
   0
 118
  89
 -50
-128
 -48
  91
 117
  -1
-119
 -90
  49
 127
  48
 -92
-118
   0
 118
  89
 -50
-128
 -48
  91
 117
  -1
-119
 -90
  49
 127
  47
 -92
-118
   0
 118
  89
 -50
-128
 -48
  91
 117
  -1
-119
 -90
  49
 127
  47
 -92
-118
   0
 118
  89
 -50
-128
 -48
  91
 117
  -1
-119
 -90
  49
 127
  47
 -92
-118
   0
 118
  89
 -50
-128
 -48
  91
 117
  -1
-119
 -90
  49
 127
  47
 -92
-118
   0
 118
  89
 -50
-128
 -48
  91
 117
  -1
-119
 -90
  50
 127
  47
 -92
-118
   0
 118
  89
 -50
-128
 -48
  91
 117
  -1
-119
 -90
  49
 127
  47
 -92
-118
   0
 118
  89
 -50
-128
 -48
  91
 117
  -1
-119
 -90
  49
 127
  47
 -92
-118
   0
 118
  89
 -50
-128
 -48
  91
 117
  -1
-119
 -90
  49
 127
  47
 -92
-118
   0
 119
  89
 -50
-128
 -47
  91
 117
  -1
-119
 -90
  50
 127
  47
 -92
-118
   0
 119
  89
 -50
-128
 -48
  92
 117
  -1
-119
 -90
  49
 127
  46
 -92
-118
   0
 119
  89
 -50
-128
 -48
  91
 117
  -1
-119
 -90
  49
 127
  47
 -92
-118
   0
 119
  89
 -50
-128
 -47
  91
 117
  -1
-119
 -90
  49
 127
  47
 -92
-118
   0
 118
  89
 -51
-128
 -48
  91
 117
  -1
-119
 -90
  50
 127
  47
 -92
-118
   1
 118
  88
 -50
-128
 -48
  91
 117
  -2
-119
 -90
  50
 127
  47
 -92
-118
   0
 119
  89
 -50
-128
 -48
  92
 117
  -1
-119
 -90
  49
 127
  47
 -92
-118
   0
 119
  89
 -50
-128
 -48
  91
 117
  -1
-119
 -90
  49
 127
  46
 -92
-118
   1
 118
  89
 -50
-128
 -48
  91
 117
  -1
-119
 -90
  49
 127
  47
 -92
-118
   1
 119
  89
 -51
-128
 -48
  91
 117
  -1
-119
 -89
  50
 127
  47
 -92
-118
   0
 118
  89
 -50
-128
 -47
  91
 117
  -1
-119
 -89
  50
 127
  47
 -92
-118
   0
 119
  89
 -50
-128
 -47
  91
 117
  -1
-119
 -90
  49
 127
  47
 -92
-118
   1
 118
  89
 -51
-128
 -48
  92
 117
  -1
-119
 -90
  50
 127
  47
 -92
-118
   1
 118
  88
 -50
-128
 -48
  92
 117
  -1
-119
 -90
  50
 127
  47
 -92
-118
   0
 119
  88
 -50
-128
 -48
  91
 117
  -1
-119
 -89
  50
 127
  47
 -92
-118
   1
 118
  89
 -50
-128
 -48
  91
 117
  -1
-119
 -89
  50
 127
  47
 -92
-118
   1
 118
  88
 -50
-128
 -48
  92
 117
  -2
-119
 -90
  49
 127
  47
 -92
-118
   0
 119
  88
 -50
-128
 -48
  91
 117
  -1
-119
 -89
  49
 127
  46
 -92
-118
   0
 118
  88
 -51
-128
 -47
  92
 117
  -2
-119
 -90
  50
 127
  46
 -92
-118
   0
 119
  89
 -50
-128
 -47
  91
 117
  -2
-119
 -89
  49
 127
  47
 -92
-118
   0
 118
  89
 -51
-128
 -47
  92
 117
  -1
-119
 -90
  50
 127
  47
 -92
-118
   0
 118
  89
 -51
-128
 -48
  91
 117
  -1
-119
 -89
  49
 127
  47
 -92
-118
   0
 118
  89
 -50
-128
 -47
  91
 117
  -1
-119
 -90
  50
 127
  47
 -92
-118
   0
 118
  89
 -50
-128
 -47
  91
 117
  -1
-119
 -89
  49
 127
  47
 -92
-118
   0
 118
  89
 -50
-128
 -47
  91
 117
  -1
-119
 -90
  50
 127
  46
 -92
-118
   0
 119
  89
 -51
-128
 -48
  91
 117
  -2
-119
 -90
  49
 127
  46
 -92
-118
   0
 118
  89
 -50
-128
 -48
  91
 117
  -1
-119
 -90
  49
 127
  46
 -92
-118
   0
 118
  89
 -50
-128
 -48
  91
 117
  -1
-119
 -90
  49
 127
  46
 -92
-118
   1
 118
  89
 -51
-128
 -48
  92
 117
  -2
-119
 -90
  49
 127
  47
 -92
-118
   0
 119
  89
 -50
-128
 -48
  91
 117
  -1
-119
 -90
  50
 127
  47
 -92
-118
   0
 118
  89
 -50
-128
 -48
  91
 117
  -1
-119
 -90
  49
 127
  47
 -92
-118
   0
 119
  89
 -51
-128
 -48
  91
 117
  -1
-119
 -89
  49
 127
  46
 -92
-118
   0
 119
  89
 -50
-128
 -48
  91
 117
  -1
-119
 -90
  49
 127
  47
 -92
-118
   0
 118
  89
 -50
-128
 -48
  91
 117
  -1
-119
 -90
  49
 127
  47
 -92
-118
   0
 118
  89
 -50
-128
 -48
  91
 117
  -1
-119
 -90
  49
 127
  47
 -92
-118
   0
 118
  89
 -51
-128
 -48
  91
 117
  -1
-119
 -90
  49
 127
  47
 -92
-118
   0
 118
  89
 -50
-128
 -48
  91
 117
  -1
-119
 -90
  49
 127
  47
 -92
-118
   0
 118
  89
 -50
-128
 -48
  91
 117
  -1
-119
 -90
  49
 127
  47
 -92
-118
   0
 118
  89
 -50
-128
 -48
  91
 117
  -1
-119
 -90
  49
 127
  47
 -92
-118
   0
 118
  89
 -50
-128
 -48
  91
 117
  -1
-119
 -90
  49
 127
  47
 -92
-118
   0
 118
  89
 -49
-128
 -48
  91
 117
  -1
-119
 -90
  49
 127
  47
 -92
-118
   0
 118
  89
 -50
-128
 -48
  91
 117
  -1
-119
 -90
  49
 127
  48
 -92
-118
   0
 118
  89
 -50
-128
 -48
  91
 117
  -1
-119
 -90
  49
 127
  48
 -92
-118
   0
 118
  89
 -50
-128
 -48
  91
 117
  -1
-119
 -90
  49
 127
  47
 -92
-118
   0
 118
  89
 -50
-128
 -49
  91
 117
  -1
-119
 -90
  49
 127
  47
 -91
-118
   0
 118
  89
 -50
-128
 -48
  91
 117
  -1
-119
 -90
  49
 127
  47
 -92
-118
   0
 118
  89
 -50
-128
 -48
  91
 117
  -1
-119
 -90
  49
 127
  48
 -92
-118
   0
 118
  89
 -50
-128
 -48
  91
 118
  -1
-119
 -90
  49
 127
  47
 -92
-118
   0
 118
  89
 -50
-128
 -49
  91
 117
  -1
-119
 -90
  49
 127
  48
 -92
-118
   0
 118
  89
 -50
-128
 -49
  91
 118
   0
-119
 -90
  49
 127
  47
 -91
-118
   0
 118
  89
 -50
-128
 -48
  91
 117
   0
-119
 -90
  49
 127
  47
 -91
-118
   0
 118
  89
 -50
-128
 -49
  91
 118
   0
-119
 -90
  49
 127
  48
 -91
-118
   0
 118
  89
 -49
-128
 -48
  91
 117
   0
-119
 -90
  49
 127
  47
 -91
-118
   0
 118
  89
 -50
-128
 -49
  91
 117
   0
-119
 -90
  49
 127
  48
 -91
-118
   0
 118
  89
 -49
-128
 -49
  91
 118
   0
-119
 -90
  49
 127
  48
 -91
-118
   0
 118
  89
 -50
-128
 -49
  91
 118
  -1
-119
 -90
  49
 127
  48
 -92
-118
   0
 118
  89
 -49
-128
 -49
  91
 117
   0
-119
 -90
  49
 127
  48
 -91
-118
   0
 118
  89
 -49
-128
 -49
  91
 117
   0
-119
 -90
  49
 127
  48
 -91
-118
   0
 118
  89
 -49
-128
 -49
  91
 118
   0
-119
 -90
  49
 127
  47
 -91
-118
   0
 118
  89
 -49
-128
 -49
  91
 118
  -1
-119
 -90
  49
 127
  48
 -91
-118
   0
 118
  89
 -49
-128
 -49
  91
 118
   0
-119
 -90
  49
 127
  48
 -91
-118
   0
 118
  89
 -49
-128
 -49
  91
 118
   0
-119
 -90
  49
 127
  48
 -91
-118
   0
 118
  89
 -49
-128
 -49
  91
 118
   0
-119
 -90
  49
 127
  48
 -91
-118
   0
 118
  89
 -49
-128
 -49
  91
 118
   0
-119
 -91
  49
 127
  48
 -91
-118
   0
 118
  89
 -49
-128
 -49
  91
 118
   0
-119
 -90
  49
 127
  48
 -91
-118
   0
 118
  89
 -49
-128
 -49
  91
 118
   0
-119
 -91
  49
 127
  48
 -91
-118
   0
 118
  89
 -49
-128
 -49
  91
 118
   0
-119
 -90
  49
 127
  48
 -91
-118
   0
 118
  89
 -49
-128
 -49
  91
 118
   0
-118
 -90
  49
 127
  49
 -91
-118
   0
 118
  91
 -49
-128
 -49
  91
 118
   0
-119
 -91
  49
 127
  49
 -91
-118
   0
 118
  89
 -49
-128
 -49
  91
 118
   0
-119
 -90
  49
 127
  48
 -90
-118
   0
 118
  91
 -49
-128
 -49
  91
 118
   0
-118
 -90
  49
 127
  48
 -90
-118
   0
 118
  91
 -49
-128
 -49
  91
 118
   0
-119
 -90
  49
 127
  48
 -90
-118
   0
 118
  89
 -49
-128
 -49
  89
 118
   0
-119
 -91
  48
 127
  49
 -90
-118
   0
 118
  89
 -49
-128
 -49
  91
 118
   0
-119
 -91
  49
 127
  49
 -90
-118
   0
 118
  89
 -49
-128
 -49
  91
 118
   0
-118
 -90
  48
 127
  49
 -90
-119
   0
 118
  89
 -49
-128
 -49
  91
 118
   0
-118
 -90
  49
 127
  49
 -90
-119
   0
 118
  89
 -49
-128
 -49
  89
 118
   0
-118
 -90
  48
 127
  49
 -91
-118
   0
 118
  89
 -49
-128
 -49
  89
 118
   0
-118
 -90
  49
 127
  49
 -90
-119
   0
 118
  91
 -49
-128
 -49
  91
 118
   0
-118
 -91
  48
 127
  48
 -91
-119
   0
 118
  89
 -49
-128
 -49
  91
 118
   0
-118
 -91
  48
 127
  48
 -90
-119
   0
 118
  91
 -49
-128
 -49
  89
 118
   0
-119
 -91
  49
 127
  49
 -90
-119
   0
 118
  89
 -49
-128
 -49
  89
 118
   0
-118
 -91
  48
 127
  49
 -90
-119
   0
 118
  91
 -49
-128
 -49
  89
 118
   0
-119
 -91
  49
 127
  48
 -90
-119
   0
 118
  89
 -49
-128
 -49
  89
 118
   0
-118
 -90
  48
 127
  49
 -91
-119
   0
 118
  91
 -49
-128
 -49
  89
 118
   0
-118
 -90
  48
 127
  48
 -90
-119
   0
 118
  91
 -49
-128
 -49
  91
 118
   0
-118
 -91
  48
 127
  48
 -90
-119
   0
 118
  91
 -49
-128
 -49
  89
 118
   0
-118
 -91
  48
 127
  49
 -91
-119
   0
 118
  91
 -49
-128
 -49
  91
 118
   0
-118
 -91
  48
 127
  49
 -90
-118
   0
 118
  91
 -49
-128
 -49
  89
 118
   0
-118
 -91
  49
 127
  49
 -90
-119
   0
 118
  91
 -49
-128
 -49
  89
 118
   0
-118
 -90
  48
 127
  49
 -90
-119
   0
 118
  91
 -49
-128
 -49
  89
 118
   0
-118
 -91
  48
 127
  49
 -90
-119
   0
 118
  91
 -49
-128
 -49
  89
 118
   0
-118
 -90
  48
 127
  49
 -90
-119
   0
 118
  91
 -49
-128
 -49
  89
 118
   0
-118
 -91
  48
 127
  49
 -90
-119
   0
 118
  91
 -49
-128
 -49
  89
 118
   0
-118
 -91
  48
 127
  49
 -90
-119
   0
 118
  91
 -49
-128
 -49
  89
 118
   0
-118
 -91
  48
 127
  49
 -90
-119
   0
 118
  91
 -49
-128
 -49
  89
 118
   0
-118
 -91
  48
 127
  49
 -90
-119
   0
 118
  91
 -49
-128
 -49
  89
 118
   0
-118
 -91
  48
 127
  49
 -90
-119
   0
 118
  91
 -49
-128
 -49
  89
 118
   0
-118
 -91
  48
 127
  49
 -90
-119
   0
 118
  91
 -49
-128
 -49
  89
 118
   0
-118
 -91
  48
 127
  49
 -90
-119
   0
 118
  91
 -49
-128
 -49
  89
 118
   0
-118
 -91
  48
 127
  49
 -90
-119
  -1
 118
  91
 -49
-128
 -49
  89
 118
   0
-118
 -91
  48
 127
  49
 -90
-119
   0
 118
  91
 -48
-128
 -49
  89
 118
   0
-118
 -91
  48
 127
  49
 -90
-119
   0
 118
  91
 -49
-128
 -49
  89
 118
   0
-118
 -91
  48
 127
  49
 -90
-119
   0
 118
  91
 -49
-128
 -49
  89
 118
   0
-118
 -91
  48
 127
  49
 -90
-119
   0
 118
  91
 -49
-128
 -50
  89
 118
   0
-118
 -91
  48
 127
  49
 -90
-119
   0
 118
  91
 -49
-128
 -49
  89
 118
   0
-118
 -91
  48
 127
  49
 -90
-119
   0
 117
  91
 -49
-128
 -49
  89
 118
   0
-118
 -91
  47
 127
  49
 -90
-119
   0
 118
  91
 -49
-128
 -49
  89
 118
   0
-118
 -91
  48
 127
  49
 -90
-119
   0
 118
  91
 -49
-128
 -50
  89
 118
   0
-118
 -91
  48
 127
  49
 -90
-119
   0
 118
  91
 -49
-128
 -49
  89
 118
   0
-118
 -91
  48
 127
  49
 -90
-119
  -1
 118
  91
 -49
-128
 -49
  89
 118
   0
-118
 -92
  48
 127
  49
 -90
-119
   0
 118
  91
 -49
-128
 -49
  89
 118
   0
-118
 -91
  47
 127
  49
 -90
-119
   0
 117
  91
 -48
-128
 -49
  89
 118
   0
-118
 -91
  48
 127
  49
 -90
-119
  -1
 118
  91
 -48
-128
 -49
  89
 118
   0
-118
 -91
  48
 127
  49
 -90
-119
   0
 118
  91
 -48
-128
 -49
  89
 118
   0
-118
 -91
  48
 127
  49
 -90
-119
   0
 117
  91
 -49
-128
 -49
  89
 118
   0
-118
 -91
  48
 127
  49
 -90
-119
   0
 118
  91
 -49
-128
 -49
  89
 118
   0
-118
 -91
  48
 127
  49
 -90
-119
   0
 118
  91
 -49
-128
 -49
  89
 118
   0
-118
 -91
  48
 127
  49
 -90
-119
   0
 118
  91
 -48
-128
 -49
  89
 118
   0
-118
 -91
  47
 127
  49
 -90
-119
  -1
 118
  91
 -49
-128
 -50
  89
 118
   0
-118
 -91
  48
 127
  49
 -90
-119
   0
 118
  91
 -49
-128
 -50
  89
 118
   0
-118
 -91
  48
 127
  49
 -90
-119
   0
 117
  91
 -49
-128
 -49
  89
 118
   0
-118
 -92
  48
 127
  49
 -90
-119
   0
 118
  91
 -49
-128
 -49
  89
 118
   0
-118
 -91
  47
 127
  49
 -90
-119
   0
 117
  91
 -49
-128
 -49
  89
 118
   0
-118
 -92
  48
 127
  49
 -90
-119
   0
 118
  91
 -48
-128
 -50
  89
 118
   0
-118
 -92
  48
 127
  49
 -90
-119
   0
 118
  91
 -49
-128
 -49
  89
 118
   0
-118
 -92
  48
 127
  49
 -90
-119
   0
 118
  91
 -49
-128
 -49
  89
 118
   0
-118
 -91
  48
 127
  49
 -90
-119
   0
 118
  91
 -49
-128
 -49
  89
 118
   0
-118
 -91
  48
 127
  49
 -90
-119
   0
 118
  91
 -49
-128
 -49
  89
 118
   0
-118
 -91
  48
 127
  49
 -90
-119
   0
 118
  91
 -49
-128
 -49
  89
 118
   0
-118
 -92
  48
 127
  49
 -90
-119
   0
 118
  91
 -49
-128
 -50
  89
 118
   0
-118
 -91
  48
 127
  49
 -90
-119
   0
 118
  91
 -49
-128
 -49
  89
 118
   0
-118
 -91
  48
 127
  49
 -90
-119
   0
 118
  91
 -49
-128
 -49
  89
 118
   0
-118
 -91
  48
 127
  49
 -90
-119
   0
 118
  91
 -49
-128
 -49
  89
 118
   0
-118
 -91
  48
 127
  49
 -90
-119
   0
 118
  91
 -48
-128
 -49
  89
 118
   0
-118
 -91
  48
 127
  49
 -90
-119
   0
 118
  91
 -49
-128
 -49
  89
 118
   0
-118
 -91
  48
 127
  49
 -90
-119
  -1
 118
  91
 -49
-128
 -49
  89
 118
   0
-118
 -92
  48
 127
  49
 -90
-119
  -1
 118
  91
 -49
-128
 -49
  89
 118
   0
-118
 -91
  47
 127
  49
 -90
-119
   0
 118
  91
 -49
-128
 -49
  89
 118
   0
-118
 -91
  48
 127
  49
 -90
-119
   0
 118
  91
 -49
-128
 -49
  89
 118
   0
-118
 -91
  48
 127
  49
 -90
-119
   0
 118
  91
 -49
-128
 -49
  89
 118
   0
-118
 -91
  48
 127
  49
 -90
-119
   0
 118
  91
 -49
-128
 -49
  89
 118
   0
-118
 -91
  48
 127
  49
 -90
-119
   0
 118
  91
 -49
-128
 -49
  89
 118
   0
-118
 -91
  48
 127
  49
 -90
-119
   0
 118
  91
 -49
-128
 -49
  89
 118
   0
-118
 -91
  48
 127
  49
 -90
-119
   0
 118
  91
 -49
-128
 -49
  89
 118
   0
-118
 -91
  48
 127
  49
 -90
-119
   0
 118
  91
 -49
-128
 -49
  89
 118
   0
-118
 -91
  48
 127
  49
 -90
-119
   0
 118
  91
 -49
-128
 -49
  89
 118
   0
-118
 -91
  48
 127
  49
 -90
-119
   0
 118
  91
 -49
-128
 -49
  89
 118
   0
-118
 -91
  48
 127
  49
 -90
-119
   0
 118
  91
 -49
-128
 -49
  89
 118
   0
-118
 -91
  48
 127
  49
 -90
-119
   0
 118
  91
 -49
-128
 -49
  89
 118
   0
-118
 -91
  49
 127
  49
 -90
-119
   0
 118
  91
 -49
-128
 -49
  89
 118
   0
-118
 -91
  48
 127
  49
 -91
-119
   0
 118
  91
 -49
-128
 -49
  89
 118
   0
-119
 -91
  48
 127
  49
 -90
-119
   0
 118
  91
 -49
-128
 -49
  91
 118
   0
-118
 -91
  48
 127
  49
 -90
-119
   0
 118
  91
 -49
-128
 -49
  89
 118
   0
-118
 -91
  48
 127
  49
 -90
-119
   0
 118
  91
 -49
-128
 -49
  89
 118
   0
-118
 -91
  48
 127
  49
 -91
-119
   0
 118
  91
 -49
-128
 -49
  89
 118
   0
-118
 -91
  48
 127
  49
 -90
-119
   0
 118
  91
 -49
-128
 -49
  89
 118
   0
-119
 -91
  48
 127
  49
 -90
-118
   0
 118
  91
 -49
-128
 -49
  89
 118
   0
-119
 -91
  48
 127
  49
 -91
-119
   0
 118
  91
 -49
-128
 -49
  91
 118
   0
-119
 -91
  48
 127
  49
 -90
-119
   0
 118
  91
 -49
-128
 -49
  89
 118
   0
-119
 -91
  48
 127
  48
 -90
-118
   0
 118
  89
 -49
-128
 -49
  89
 118
   0
-118
 -91
  48
 127
  49
 -90
-118
   0
 118
  89
 -49
-128
 -49
  89
 118
   0
-118
 -90
  49
 127
  49
 -90
-119
   0
 118
  89
 -49
-128
 -49
  89
 118
   0
-118
 -91
  48
 127
  48
 -91
-119
   0
 118
  89
 -49
-128
 -49
  89
 118
   0
-119
 -90
  49
 127
  48
 -91
-119
   0
 118
  91
 -49
-128
 -49
  89
 118
   0
-119
 -91
  48
 127
  49
 -90
-118
   0
 118
  91
 -49
-128
 -49
  91
 118
   0
-118
 -91
  48
 127
  48
 -91
-119
   0
 118
  91
 -49
-128
 -49
  89
 118
   0
-118
 -91
  49
 127
  49
 -91
-119
   0
 118
  89
 -49
-128
 -49
  91
 118
   0
-119
 -90
  48
 127
  48
 -91
-119
   0
 118
  91
 -49
-128
 -49
  89
 118
   0
-119
 -90
  49
 127
  48
 -90
-118
   0
 118
  89
 -49
-128
 -49
  91
 118
   0
-118
 -90
  49
 127
  49
 -91
-119
   0
 118
  91
 -49
-128
 -49
  91
 118
   0
-119
 -91
  48
 127
  49
 -91
-119
   0
 118
  91
 -49
-128
 -49
  89
 118
   0
-119
 -90
  49
 127
  49
 -90
-118
   0
 118
  89
 -49
-128
 -49
  91
 118
   0
-119
 -91
  49
 127
  49
 -91
-119
   0
 118
  89
 -49
-128
 -49
  89
 118
   0
-119
 -91
  48
 127
  48
 -91
-118
   0
 118
  91
 -49
-128
 -49
  91
 118
   0
-119
 -91
  49
 127
  48
 -91
-118
   0
 118
  89
 -49
-128
 -49
  91
 118
   0
-118
 -90
  48
 127
  48
 -90
-119
   0
 118
  89
 -49
-128
 -49
  89
 118
   0
-118
 -90
  49
 127
  49
 -91
-118
   0
 118
  91
 -49
-128
 -49
  91
 118
   0
-119
 -90
  49
 127
  48
 -91
-119
   0
 118
  89
 -49
-128
 -49
  91
 118
   0
-118
 -90
  48
 127
  49
 -90
-118
   0
 118
  91
 -49
-128
 -49
  91
 118
   0
-119
 -90
  49
 127
  48
 -91
-119
   0
 118
  89
 -49
-128
 -49
  91
 118
   0
-119
 -90
  49
 127
  48
 -91
-119
   0
 118
  89
 -49
-128
 -49
  91
 118
   0
-119
 -90
  48
 127
  48
 -90
-119
   0
 118
  89
 -49
-128
 -49
  89
 118
   0
-119
 -91
  49
 127
  48
 -91
-118
   0
 118
  91
 -49
-128
 -49
  91
 118
   0
-119
 -91
  49
 127
  48
 -91
-118
   0
 118
  89
 -49
-128
 -49
  91
 118
   0
-118
 -90
  49
 127
  48
 -90
-118
   0
 118
  89
 -49
-128
 -49
  91
 118
   0
-118
 -90
  49
 127
  48
 -90
-118
   0
 118
  89
 -49
-128
 -49
  89
 118
   0
-119
 -91
  49
 127
  49
 -91
-118
   0
 118
  91
 -49
-128
 -49
  89
 118
   0
-119
 -91
  49
 127
  48
 -90
-119
   0
 118
  89
 -49
-128
 -49
  89
 118
   0
-119
 -90
  49
 127
  49
 -91
-118
   0
 118
  91
 -49
-128
 -49
  91
 118
   0
-119
 -90
  49
 127
  48
 -91
-119
   0
 118
  89
 -49
-128
 -49
  91
 118
   0
-119
 -90
  49
 127
  48
 -91
-118
   0
 118
  91
 -49
-128
 -49
  91
 118
   0
-119
 -90
  49
 127
  48
 -91
-119
   0
 118
  89
 -49
-128
 -49
  91
 118
   0
-118
 -90
  48
 127
  48
 -91
-118
   0
 118
  89
 -49
-128
 -49
  89
 118
   0
-118
 -90
  48
 127
  49
 -91
-119
   0
 118
  89
 -49
-128
 -49
  91
 118
   0
-118
 -90
  48
 127
  48
 -91
-118
   0
 118
  89
 -49
-128
 -49
  89
 118
   0
-119
 -90
  49
 127
  48
 -90
-118
   0
 118
  89
 -49
-128
 -49
  91
 118
   0
-119
 -91
  49
 127
  48
 -91
-118
   0
 118
  89
 -49
-128
 -49
  91
 118
   0
-119
 -91
  49
 127
  48
 -91
-118
   0
 118
  89
 -49
-128
 -49
  91
 118
   0
-118
 -90
  49
 127
  48
 -90
-118
   0
 118
  89
 -49
-128
 -49
  89
 118
   0
-119
 -90
  48
 127
  48
 -90
-118
   0
 118
  89
 -49
-128
 -49
  91
 118
   0
-118
 -90
  49
 127
  48
 -91
-118
   0
 118
  89
 -49
-128
 -49
  91
 118
   0
-118
 -90
  49
 127
  49
 -91
-118
   0
 118
  89
 -49
-128
 -49
  89
 118
   0
-119
 -90
  49
 127
  49
 -91
-118
   0
 118
  89
 -49
-128
 -49
  89
 118
   0
-119
 -91
  49
 127
  48
 -91
-118
   0
 118
  89
 -49
-128
 -49
  91
 118
   0
-119
 -90
  49
 127
  48
 -91
-118
   0
 118
  89
 -49
-128
 -49
  91
 118
   0
-119
 -90
  49
 127
  49
 -91
-118
   0
 118
  89
 -49
-128
 -49
  91
 118
   0
-119
 -91
  49
 127
  48
 -91
-119
   0
 118
  91
 -49
-128
 -49
  91
 118
   0
-118
 -90
  49
 127
  48
 -91
-119
   0
 118
  89
 -49
-128
 -49
  91
 118
   0
-119
 -91
  49
 127
  49
 -91
-118
   0
 118
  89
 -49
-128
 -49
  89
 118
   0
-119
 -91
  49
 127
  48
 -90
-118
   0
 118
  89
 -49
-128
 -49
  89
 118
   0
-119
 -90
  49
 127
  48
 -90
-118
   0
 118
  89
 -49
-128
 -49
  91
 118
   0
-119
 -90
  48
 127
  49
 -91
-118
   0
 118
  89
 -49
-128
 -49
  91
 118
   0
-119
 -90
  48
 127
  48
 -90
-118
   0
 118
  89
 -49
-128
 -49
  91
 118
   0
-119
 -90
  48
 127
  48
 -91
-119
   0
 118
  89
 -49
-128
 -49
  91
 118
   0
-119
 -90
  49
 127
  48
 -91
-119
   0
 118
  91
 -49
-128
 -49
  91
 118
   0
-119
 -90
  48
 127
  48
 -91
-119
   0
 118
  89
 -49
-128
 -49
  89
 118
   0
-119
 -90
  48
 127
  48
 -91
-119
   0
 118
  89
 -49
-128
 -49
  91
 118
   0
-119
 -90
  48
 127
  48
 -91
-118
   0
 118
  89
 -49
-128
 -49
  91
 118
   0
-119
 -90
  48
 127
  48
 -90
-118
   0
 118
  89
 -49
-128
 -49
  91
 118
   0
-119
 -90
  49
 127
  48
 -90
-119
   0
 118
  91
 -49
-128
 -49
  89
 118
   0
-119
 -91
  48
 127
  48
 -90
-119
   0
 118
  89
 -49
-128
 -49
  91
 118
   0
-119
 -91
  48
 127
  48
 -91
